# Kick = [    1.000000000000e-03,     0.000000000000e+00,     0.000000000000e+00]
#            time            norm                    dmx                    dmy                    dmz
          0.00000000      -4.44089210e-16    -5.639932965096e-14     5.329070518201e-15     6.661338147751e-15
          0.41341373      -4.71844785e-16     3.543760697642e-03     1.453548392760e-11     3.896882816434e-12
          0.82682747      -3.88578059e-16     4.331066899879e-03     2.617994709908e-11     6.953548847832e-12
          1.24024120      -3.60822483e-16     3.853968426050e-03     4.408429177261e-11     1.139355276791e-11
          1.65365493       2.77555756e-17     3.446421494994e-03     6.493250381823e-11     1.654099079929e-11
          2.06706867       5.55111512e-17     3.619994882429e-03     8.706857457241e-11     2.256417275248e-11
          2.48048240      -5.55111512e-17     4.415911881268e-03     1.056537080046e-10     2.747002625370e-11
          2.89389613      -8.32667268e-17     4.977234337981e-03     1.178310782279e-10     3.293898487300e-11
          3.30730987       1.11022302e-16     5.626984588899e-03     1.243454228472e-10     3.786171376419e-11
          3.72072360      -3.33066907e-16     6.884234769465e-03     1.227977719509e-10     3.712230522979e-11
          4.13413733      -7.21644966e-16     8.115265380905e-03     1.095994406342e-10     5.072076092461e-11
          4.54755107      -5.55111512e-17     9.019176867084e-03     9.377343346273e-11     4.210098936142e-11
          4.96096480       3.88578059e-16     9.697844173366e-03     7.439027172040e-11     3.400746351190e-11
          5.37437853      -3.60822483e-16     1.029068054054e-02     5.131983726869e-11     2.303401913650e-11
          5.78779227      -2.77555756e-16     1.113469352455e-02     3.421485317290e-11     1.620925615953e-12
          6.20120600      -7.49400542e-16     1.210525971319e-02     1.144373484863e-11     7.150280367796e-12
          6.61461974      -8.32667268e-17     1.276694066699e-02     7.275513524974e-12    -2.323030656726e-11
          7.02803347      -3.60822483e-16     1.322650782380e-02    -7.811529201263e-13    -2.968203460796e-11
          7.44144720      -5.55111512e-17     1.380410792335e-02    -1.724398401848e-12    -2.327160686377e-11
          7.85486094      -5.55111512e-16     1.453381005596e-02     7.243539101864e-12    -2.151256950356e-11
          8.26827467      -7.77156117e-16     1.527370773253e-02     1.618039036089e-11    -7.915446076368e-12
          8.68168840      -5.55111512e-16     1.581776885629e-02     3.113997948390e-11    -1.084021761244e-12
          9.09510214      -4.16333634e-16     1.621614362560e-02     1.339941491096e-10    -5.092060106904e-11
          9.50851587      -3.33066907e-16     1.676828834146e-02     8.533040940506e-11    -1.477293842811e-10
          9.92192960      -4.44089210e-16     1.750858046184e-02     1.069691002442e-10    -2.027498169355e-10
         10.33534334      -7.21644966e-16     1.820621531678e-02     1.125046722450e-10    -2.356803641135e-10
         10.74875707      -6.93889390e-16     1.873094812380e-02     1.002606886402e-10    -2.424807021839e-10
         11.16217080      -8.32667268e-17     1.917001865117e-02     1.894084888932e-11    -2.329905157694e-10
         11.57558454      -1.11022302e-15     1.970733977467e-02     3.558664474212e-11    -1.873248223205e-10
         11.98899827      -2.22044605e-16     2.035797554915e-02    -6.165157273585e-11    -1.448468012200e-10
         12.40241200       0.00000000e+00     2.089799816859e-02    -5.242961620411e-11    -7.489653341963e-11
         12.81582574      -1.38777878e-16     2.119924008365e-02    -9.570522152558e-11    -1.794298043478e-11
         13.22923947      -3.88578059e-16     2.143626156615e-02    -1.228515067453e-10     3.156230832246e-11
         13.64265320      -2.22044605e-16     2.183361361480e-02    -1.342614908140e-10     6.283418230169e-11
         14.05606694      -5.55111512e-17     2.238318640427e-02    -1.246731606841e-10     6.352163239853e-11
         14.46948067       2.22044605e-16     2.287118300538e-02    -9.441780690622e-11     3.000977244483e-11
         14.88289440      -1.66533454e-16     2.315043320421e-02    -5.940892222611e-11    -2.888000949497e-11
         15.29630814       0.00000000e+00     2.331382059887e-02    -2.492184236758e-11    -9.914069565298e-11
         15.70972187      -2.77555756e-16     2.353517033837e-02     4.947597886940e-12    -1.685926953598e-10
         16.12313560      -6.66133815e-16     2.384627063526e-02     2.846833879744e-11    -2.314135549852e-10
         16.53654934      -6.93889390e-16     2.414533724552e-02     4.034772516093e-11    -2.946594079845e-10
         16.94996307      -1.38777878e-16     2.433828489105e-02     5.826894522443e-11    -3.527813596804e-10
         17.36337680       3.33066907e-16     2.445228363195e-02     6.517630879443e-11    -4.044569124062e-10
         17.77679054      -2.77555756e-17     2.461136599498e-02     6.307354638579e-11    -4.330287239895e-10
         18.19020427       5.27355937e-16     2.484908501927e-02     4.396261132911e-11    -4.212106219370e-10
         18.60361800      -4.44089210e-16     2.502336266632e-02     6.085354442575e-12    -3.709734741619e-10
         19.01703174      -4.99600361e-16     2.501405543192e-02    -4.729105995693e-11    -2.902851292674e-10
         19.43044547       6.10622664e-16     2.492970394216e-02    -1.068714006180e-10    -1.934745696985e-10
         19.84385921      -4.71844785e-16     2.499262751807e-02    -1.665094728764e-10    -1.037405716886e-10
         20.25727294      -4.99600361e-16     2.522768751668e-02    -2.515565533656e-10    -4.319566926370e-11
         20.67068667      -6.66133815e-16     2.540269860292e-02    -2.294768819411e-10     2.676880939134e-11
         21.08410041      -4.44089210e-16     2.532517827679e-02    -2.501714391201e-10     3.480682408963e-11
         21.49751414      -3.88578059e-16     2.507193361034e-02    -2.545417210342e-10     6.739497848685e-12
         21.91092787      -1.11022302e-16     2.484701236146e-02    -2.404560994762e-10    -5.189937368755e-11
         22.32434161      -4.99600361e-16     2.471461772333e-02    -2.027911172320e-10    -1.256408310724e-10
         22.73775534      -6.10622664e-16     2.458624920966e-02    -1.598157162164e-10    -2.107163332710e-10
         23.15116907      -8.60422844e-16     2.441532895286e-02    -1.211288847003e-10    -2.965809819955e-10
         23.56458281       2.77555756e-17     2.425465646621e-02    -9.411538215431e-11    -3.701816631008e-10
         23.97799654      -6.10622664e-16     2.412364578431e-02    -8.964251563270e-11    -4.204476766745e-10
         24.39141027      -2.77555756e-16     2.393361212515e-02    -1.093383161788e-10    -4.447020529597e-10
         24.80482401      -1.19348975e-15     2.358816834538e-02    -1.434492524766e-10    -4.348916782249e-10
         25.21823774      -6.66133815e-16     2.314589166642e-02    -1.885913647470e-10    -3.961315719891e-10
         25.63165147      -4.71844785e-16     2.280937704272e-02    -2.503575124990e-10    -3.344844401454e-10
         26.04506521      -4.99600361e-16     2.264527532685e-02    -3.238516121939e-10    -2.600963888710e-10
         26.45847894      -2.22044605e-16     2.243874766548e-02    -4.015725529882e-10    -1.834803420309e-10
         26.87189267      -1.11022302e-16     2.200276444070e-02    -4.654423513273e-10    -1.145905592637e-10
         27.28530641      -4.71844785e-16     2.144810410052e-02    -5.061044916488e-10    -5.944533754132e-11
         27.69872014      -3.88578059e-16     2.098804735980e-02    -5.183338203096e-10    -2.257882769641e-11
         28.11213387       3.88578059e-16     2.065022923937e-02    -5.043840900498e-10    -9.275247236928e-12
         28.52554761      -5.55111512e-17     2.025147106633e-02    -4.687041865736e-10    -2.383737651712e-11
         28.93896134      -3.33066907e-16     1.964889067160e-02    -4.429079325519e-10    -5.192113405883e-11
         29.35237507       0.00000000e+00     1.900193936283e-02    -4.238649431443e-10    -8.808553886297e-11
         29.76578881      -1.11022302e-16     1.853628651206e-02    -3.855382679774e-10    -1.431139651231e-10
         30.17920254      -2.77555756e-17     1.814355944956e-02    -3.293094685830e-10    -2.248778940839e-10
         30.59261627      -2.77555756e-16     1.760731851382e-02    -2.908997487339e-10    -3.087450295425e-10
         31.00603001      -1.38777878e-16     1.694727417415e-02    -2.980575786182e-10    -3.524425196133e-10
         31.41944374      -6.66133815e-16     1.629211347103e-02    -3.990416885813e-10    -4.173656975581e-10
         31.83285748      -3.88578059e-16     1.573054737597e-02    -4.724780566789e-10    -3.629927469717e-10
         32.24627121      -2.22044605e-16     1.521284658445e-02    -5.200244679315e-10    -2.908460139395e-10
         32.65968494       2.77555756e-16     1.455490164454e-02    -5.726228380354e-10    -2.324052061908e-10
         33.07309868       0.00000000e+00     1.377305662108e-02    -6.368305882631e-10    -1.683462258484e-10
         33.48651241      -9.43689571e-16     1.306677434813e-02    -6.918887685003e-10    -1.205533450843e-10
         33.89992614      -3.60822483e-16     1.245645244746e-02    -7.433040849492e-10    -8.197043044333e-11
         34.31333988       3.05311332e-16     1.185170448063e-02    -7.652998235130e-10    -4.111289086950e-11
         34.72675361      -5.27355937e-16     1.117174151965e-02    -7.795448730974e-10     1.945021921301e-11
         35.14016734      -1.94289029e-16     1.037113048766e-02    -7.441141036679e-10     7.545608582404e-11
         35.55358108      -1.94289029e-16     9.566760873564e-03    -7.055800388400e-10     1.083875211805e-10
         35.96699481       5.55111512e-17     8.819621622355e-03    -6.381397632538e-10     1.071689403886e-10
         36.38040854      -2.77555756e-16     8.058449910673e-03    -5.780287359869e-10     7.334799434489e-11
         36.79382228      -9.99200722e-16     7.328518981761e-03    -5.150853077396e-10    -1.958877504649e-12
         37.20723601      -2.49800181e-16     6.632999435851e-03    -4.848197399099e-10    -9.139000667346e-11
         37.62064974       3.60822483e-16     5.907217817616e-03    -4.612861204123e-10    -1.774589364345e-10
         38.03406348      -3.60822483e-16     5.180561837077e-03    -4.652451757181e-10    -2.376241425850e-10
         38.44747721      -1.94289029e-16     4.392388025946e-03    -4.910853945717e-10    -2.450719627234e-10
         38.86089094      -2.77555756e-17     3.496885404818e-03    -5.446465500825e-10    -1.942499494589e-10
         39.27430468       1.38777878e-16     2.580543555375e-03    -5.971902972135e-10    -1.105475710972e-10
         39.68771841      -4.16333634e-16     1.677018676156e-03    -6.387179674050e-10    -2.417532840582e-11
         40.10113214      -4.44089210e-16     8.566583195755e-04    -6.566702737132e-10     5.242828393648e-11
         40.51454588      -6.66133815e-16     1.307319498687e-04    -6.664473417572e-10     1.124140780462e-10
         40.92795961      -4.16333634e-16    -6.532760189515e-04    -6.862941326347e-10     1.638253976921e-10
         41.34137334      -5.55111512e-16    -1.479320689692e-03    -7.117537670354e-10     2.060538406568e-10
         41.75478708      -6.10622664e-16    -2.204098565362e-03    -7.324749695670e-10     2.385545094796e-10
         42.16820081      -3.88578059e-16    -2.812982215898e-03    -7.891065578747e-10     2.541087340546e-10
         42.58161454      -1.11022302e-16    -3.410886254606e-03    -8.280678365225e-10     2.560227585491e-10
         42.99502828      -5.55111512e-16    -4.167124531575e-03    -8.441585208629e-10     2.374500596147e-10
         43.40844201      -7.21644966e-16    -5.137231264034e-03    -8.235669923806e-10     1.843449837224e-10
         43.82185574      -1.11022302e-16    -6.200351074575e-03    -7.815472713446e-10     1.025743934235e-10
         44.23526948      -1.38777878e-16    -7.201758935306e-03    -7.157887615961e-10     9.209655260634e-11
         44.64868321      -3.05311332e-16    -8.032301208098e-03    -6.965841237161e-10     1.575140018417e-11
         45.06209695      -4.99600361e-16    -8.726632808594e-03    -6.711955435890e-10     1.639133273557e-11
         45.47551068      -4.44089210e-16    -9.424680779842e-03    -9.666840661282e-10    -2.879350091689e-10
         45.88892441       5.55111512e-17    -1.019005996946e-02    -7.173501792579e-10     1.596376364432e-10
         46.30233815      -6.66133815e-16    -1.098324059705e-02    -6.490341597498e-10     2.961999534534e-10
         46.71575188       5.55111512e-17    -1.173742950339e-02    -7.046008221323e-10     2.790865316626e-10
         47.12916561       5.55111512e-17    -1.243145516890e-02    -7.649076927407e-10     2.975986124198e-10
         47.54257935      -6.66133815e-16    -1.305364356081e-02    -7.702842808044e-10     3.055513619898e-10
         47.95599308      -2.49800181e-16    -1.353600954950e-02    -7.364473475491e-10     2.987530223209e-10
         48.36940681       2.77555756e-16    -1.389411682060e-02    -8.113101301888e-10     3.423044070416e-10
         48.78282055      -5.55111512e-17    -1.434750322979e-02    -8.570610887659e-10     5.794824620153e-10
         49.19623428      -6.10622664e-16    -1.514393036505e-02    -8.654152949816e-10     3.988236407793e-10
         49.60964801      -9.43689571e-16    -1.625545853621e-02    -8.158231867839e-10     3.441373852553e-10
         50.02306175      -2.77555756e-17    -1.732572044609e-02    -7.744289653999e-10     3.632403267062e-10
         50.43647548       0.00000000e+00    -1.803369175900e-02    -7.563483173101e-10     3.558677796889e-10
         50.84988921      -4.16333634e-16    -1.841918811512e-02    -7.399474366565e-10     3.286355632071e-10
         51.26330295       2.77555756e-17    -1.873602704004e-02    -6.834821597579e-10     3.186435559854e-10
         51.67671668      -8.32667268e-16    -1.914991957058e-02    -5.696922933396e-10     3.095457223878e-10
         52.09013041       1.11022302e-16    -1.964029966487e-02    -4.776423701003e-10     2.511759689128e-10
         52.50354415      -3.33066907e-16    -2.010757153543e-02    -4.536486741813e-10     1.554667505843e-10
         52.91695788      -3.88578059e-16    -2.055492301927e-02    -4.116218477179e-10     2.056712578025e-10
         53.33037161      -3.33066907e-16    -2.101943470528e-02    -3.730062925200e-10     2.775815133305e-10
         53.74378535      -9.99200722e-16    -2.142496535905e-02    -3.471387621801e-10     3.704856421649e-10
         54.15719908      -4.44089210e-16    -2.177425524399e-02    -3.830693540152e-10     3.814755178411e-10
         54.57061281      -6.93889390e-16    -2.220243924965e-02    -2.302436019619e-10     4.933478070512e-10
         54.98402655      -1.94289029e-16    -2.273540937641e-02    -4.350089177763e-10     4.562306088474e-10
         55.39744028       1.94289029e-16    -2.327008815372e-02    -4.626279359599e-10     5.004625602822e-10
         55.81085401      -6.38378239e-16    -2.364680401066e-02    -4.994504809730e-10     5.287859039527e-10
         56.22426775       2.22044605e-16    -2.377212503249e-02    -5.285329951477e-10     5.342597475533e-10
         56.63768148      -4.16333634e-16    -2.381218049522e-02    -5.353744114700e-10     5.248050882756e-10
         57.05109521      -3.05311332e-16    -2.399433766004e-02    -4.834626032846e-10     5.010911685588e-10
         57.46450895      -5.55111512e-17    -2.435246866420e-02    -3.852229646384e-10     4.571900635852e-10
         57.87792268      -2.49800181e-16    -2.480657600084e-02    -2.744127147736e-10     3.829059291860e-10
         58.29133642      -5.55111512e-17    -2.516863003178e-02    -1.894662204904e-10     2.965854228876e-10
         58.70475015       1.11022302e-16    -2.526189432922e-02    -1.346638356381e-10     2.388045317048e-10
         59.11816388      -4.99600361e-16    -2.519462409896e-02    -8.944800455879e-11     2.119473485607e-10
         59.53157762      -3.05311332e-16    -2.515174058062e-02    -4.808264897349e-11     2.138667021256e-10
         59.94499135      -4.99600361e-16    -2.512551406794e-02    -1.700528606818e-11     2.224496142844e-10
         60.35840508       1.94289029e-16    -2.508361397941e-02    -5.833555860590e-12     2.258793152521e-10
         60.77181882       8.32667268e-17    -2.504347570399e-02    -2.248645714076e-11     2.517539510194e-10
         61.18523255      -1.38777878e-16    -2.503122915992e-02    -5.057221308391e-11     3.198064035814e-10
         61.59864628      -5.55111512e-16    -2.509878770563e-02    -9.575851223076e-11     4.136890829898e-10
         62.01206002      -4.71844785e-16    -2.517769302971e-02    -1.235589408566e-10     4.872333647654e-10
         62.42547375      -6.93889390e-16    -2.512285185703e-02    -1.409072858394e-10     5.202147601580e-10
         62.83888748       1.11022302e-16    -2.498861592695e-02    -1.504842916944e-10     5.099045630175e-10
         63.25230122       3.88578059e-16    -2.489709096886e-02    -1.471791577501e-10     4.735918324172e-10
         63.66571495      -3.33066907e-16    -2.480282328078e-02    -1.292099760519e-10     4.266480502224e-10
         64.07912868      -9.99200722e-16    -2.461000512995e-02    -9.618572605063e-11     3.666875691977e-10
         64.49254242      -8.04911693e-16    -2.425980369225e-02    -4.105249473696e-11     2.927305065015e-10
         64.90595615      -5.55111512e-16    -2.383480415163e-02     3.031730422265e-11     2.152154010560e-10
         65.31936988      -2.77555756e-16    -2.357686863417e-02     9.620881868955e-11     1.495237267335e-10
         65.73278362      -4.71844785e-16    -2.348404461471e-02     1.359625745323e-10     1.140367800190e-10
         66.14619735      -2.22044605e-16    -2.326526349255e-02     1.430344731546e-10     1.204896182827e-10
         66.55961108      -3.88578059e-16    -2.277657020782e-02     1.499567137131e-10     1.524860238078e-10
         66.97302482      -5.55111512e-16    -2.214839884623e-02     2.194457948690e-10     2.081539385301e-10
         67.38643855      -4.71844785e-16    -2.164832177909e-02     2.290128087168e-10     2.043778479788e-10
         67.79985228      -5.82867088e-16    -2.136934202339e-02     2.672235765999e-10     2.336202342690e-10
         68.21326602      -1.66533454e-16    -2.109563631621e-02     2.891760164658e-10     2.560940348673e-10
         68.62667975       2.22044605e-16    -2.069093345619e-02     3.211266808023e-10     2.788478337123e-10
         69.04009348      -6.66133815e-16    -2.022537394608e-02     2.699822587715e-10     2.615647698434e-10
         69.45350722      -3.88578059e-16    -1.977474786404e-02     1.922071390936e-10     2.504669804893e-10
         69.86692095      -7.21644966e-16    -1.937696974773e-02     1.169340180240e-10     2.413054200900e-10
         70.28033469      -2.77555756e-16    -1.893844753354e-02     5.888023402179e-11     2.353615080608e-10
         70.69374842      -5.27355937e-16    -1.835120164289e-02     1.492472812004e-11     2.349007655056e-10
         71.10716215      -5.27355937e-16    -1.769268419741e-02    -2.648237185099e-11     2.281312916352e-10
         71.52057589      -7.49400542e-16    -1.699243489542e-02     4.848743628827e-11     2.588458336561e-10
         71.93398962      -8.32667268e-17    -1.620329983854e-02     1.071218669324e-10     2.096216533687e-10
         72.34740335      -6.38378239e-16    -1.542057184600e-02     2.030495771521e-10     1.527808990431e-10
         72.76081709       2.22044605e-16    -1.477118712901e-02     2.629705342372e-10     1.022730788947e-10
         73.17423082       1.38777878e-16    -1.432412545650e-02     3.077222920922e-10     7.274469915330e-11
         73.58764455      -4.44089210e-16    -1.400526194762e-02     3.429923012277e-10     3.634825773702e-11
         74.00105829       0.00000000e+00    -1.352709521349e-02     4.064157899109e-10    -1.839506325041e-11
         74.41447202       0.00000000e+00    -1.272726898323e-02     4.675464460036e-10    -6.354405890363e-11
         74.82788575      -2.49800181e-16    -1.172473891378e-02     4.802132025361e-10    -7.538458746126e-11
         75.24129949      -5.55111512e-17    -1.073226867148e-02     4.359894667516e-10    -5.612177389480e-11
         75.65471322      -2.49800181e-16    -9.953456179504e-03     3.659459402172e-10    -8.546940932774e-12
         76.06812695       0.00000000e+00    -9.392872820360e-03     2.905027329803e-10     7.149258962613e-11
         76.48154069      -5.55111512e-17    -8.852462724661e-03     2.214814998069e-10     1.416080586125e-10
         76.89495442       4.44089210e-16    -8.216958287247e-03     1.675832805859e-10     1.708437835646e-10
         77.30836815      -8.32667268e-17    -7.500934542362e-03     1.330828780510e-10     1.466506915904e-10
         77.72178189      -7.77156117e-16    -6.740046306164e-03     9.976730552808e-11     1.046713826724e-10
         78.13519562       8.32667268e-17    -5.935711187121e-03     8.416689567525e-11     9.292122626903e-11
         78.54860935       4.44089210e-16    -5.049325942041e-03     6.184031065004e-11     9.993472716019e-11
         78.96202309      -1.66533454e-16    -4.114399072287e-03     9.362333130980e-11     8.414202667950e-11
         79.37543682      -4.16333634e-16    -3.291888642655e-03     1.515196856872e-10     2.054001413399e-11
         79.78885055       3.05311332e-16    -2.667110751300e-03     2.331432824576e-10    -4.403943876241e-11
         80.20226429      -1.11022302e-16    -2.043457495916e-03     3.023279404601e-10    -9.799094868868e-11
         80.61567802      -4.16333634e-16    -1.185415644621e-03     3.501181566889e-10    -1.342184141606e-10
         81.02909175       3.05311332e-16    -1.736539138575e-04     3.785474156359e-10    -1.638746915944e-10
         81.44250549       0.00000000e+00     7.636264729709e-04     3.829452310811e-10    -1.876094835040e-10
         81.85591922      -1.66533454e-16     1.573392354421e-03     3.664224479394e-10    -1.992672693518e-10
         82.26933295      -2.49800181e-16     2.356448123798e-03     3.253552982585e-10    -1.914939318226e-10
         82.68274669      -4.99600361e-16     3.157891486933e-03     2.477547056401e-10    -1.291846629670e-10
         83.09616042      -2.49800181e-16     3.863102611405e-03     1.331077470468e-10    -2.393329978645e-11
         83.50957416      -6.66133815e-16     4.385700569550e-03     6.156053444784e-11     9.644773868445e-11
         83.92298789      -4.99600361e-16     4.907670417253e-03     1.496669455037e-11     1.668909455077e-10
         84.33640162       5.55111512e-17     5.704412535541e-03    -1.859445930563e-11     1.958482265252e-10
         84.74981536      -2.77555756e-16     6.735592144828e-03    -4.027711497656e-11     2.196696158308e-10
         85.16322909      -3.88578059e-16     7.727111713295e-03    -4.084865778964e-11     2.452242853224e-10
         85.57664282      -2.22044605e-16     8.576713748730e-03    -2.230526874314e-11     2.532489773444e-10
         85.99005656      -6.38378239e-16     9.315387777449e-03     1.042055330913e-11     1.995137388633e-10
         86.40347029      -3.33066907e-16     9.986345627644e-03     1.781907954523e-11     1.151789774667e-10
         86.81688402      -7.21644966e-16     1.069136708487e-02    -3.148414862153e-11     8.079137359118e-11
         87.23029776      -8.32667268e-16     1.141240365039e-02    -1.112043790386e-10     1.070454835883e-10
         87.64371149      -3.05311332e-16     1.208017651311e-02    -1.695368290200e-10     1.368620772269e-10
         88.05712522      -5.82867088e-16     1.277641799034e-02    -1.811661931583e-10     1.324891307775e-10
         88.47053896      -4.99600361e-16     1.351198384016e-02    -1.932409787742e-10     9.339107265305e-11
         88.88395269       2.77555756e-17     1.419601721107e-02    -1.982094488540e-10     4.216094140475e-11
         89.29736642       0.00000000e+00     1.480066324557e-02    -2.375410979027e-10     2.575983870656e-11
         89.71078016       1.11022302e-16     1.532363326112e-02    -3.219402522348e-10     6.271605457187e-11
         90.12419389      -7.21644966e-16     1.587352475882e-02    -4.238178696880e-10     1.274762517767e-10
         90.53760762      -3.88578059e-16     1.659159537269e-02    -4.974118894552e-10     1.909183922066e-10
         90.95102136      -3.05311332e-16     1.734328461203e-02    -5.082090304143e-10     2.341669080863e-10
         91.36443509      -1.94289029e-16     1.793145452276e-02    -4.621032445584e-10     2.476419069808e-10
         91.77784882      -1.38777878e-16     1.844401841774e-02    -4.001985409730e-10     2.296940415647e-10
         92.19126256      -7.77156117e-16     1.897982992935e-02    -3.635802769963e-10     1.891091727657e-10
         92.60467629       3.60822483e-16     1.950606061864e-02    -3.726259301118e-10     1.556408335546e-10
         93.01809002      -1.94289029e-16     2.005290520229e-02    -4.231615058359e-10     1.717110897914e-10
         93.43150376      -1.94289029e-16     2.052945112843e-02    -4.940776676676e-10     2.368270024533e-10
         93.84491749      -1.66533454e-16     2.085289238053e-02    -5.556084481384e-10     2.833990819795e-10
         94.25833122      -2.77555756e-16     2.123438826441e-02    -5.874589703581e-10     2.582924985006e-10
         94.67174496       3.88578059e-16     2.174569429660e-02    -5.932863089697e-10     1.801967464132e-10
         95.08515869      -1.11022302e-16     2.227764377273e-02    -5.884133180700e-10     9.570255699032e-11
         95.49857243      -4.71844785e-16     2.275658742674e-02    -5.889999599162e-10     3.706102091883e-11
         95.91198616       0.00000000e+00     2.301115903937e-02    -6.193427992685e-10     3.616218435809e-11
         96.32539989      -5.55111512e-16     2.312910814732e-02    -6.933729146397e-10     1.002797844762e-10
         96.73881363      -5.82867088e-16     2.338592689305e-02    -7.902403176274e-10     1.921107717351e-10
         97.15222736      -4.99600361e-16     2.371149546236e-02    -8.749880819892e-10     2.700901724495e-10
         97.56564109       7.49400542e-16     2.398919470548e-02    -9.369118814107e-10     3.197682119094e-10
         97.97905483      -6.10622664e-16     2.422617502220e-02    -9.846070625485e-10     3.563775941018e-10
         98.39246856      -3.60822483e-16     2.442940418300e-02    -1.007127270469e-09     3.796549741253e-10
         98.80588229      -4.44089210e-16     2.473062691937e-02    -9.726890404238e-10     3.859881303470e-10
         99.21929603      -3.88578059e-16     2.508531309328e-02    -8.702505382985e-10     3.486264610331e-10
         99.63270976      -8.32667268e-16     2.522147079644e-02    -7.528564438530e-10     2.670907939262e-10
        100.04612349      -8.88178420e-16     2.514575312896e-02    -6.751235126501e-10     1.466271548622e-10
        100.45953723      -4.99600361e-16     2.507080167472e-02    -6.588596335177e-10     6.578027011983e-11
        100.87295096      -3.88578059e-16     2.512695577463e-02    -7.252372036248e-10     3.988809282873e-11
        101.28636469      -3.88578059e-16     2.533627302930e-02    -8.366374260049e-10     8.427836206693e-11
        101.69977843      -6.10622664e-16     2.550958011823e-02    -9.688903013227e-10     1.492437284867e-10
        102.11319216      -4.99600361e-16     2.548003285623e-02    -1.062006482755e-09     1.930038351361e-10
        102.52660589      -1.66533454e-16     2.534776873224e-02    -1.105237679155e-09     1.850644082424e-10
        102.94001963       1.94289029e-16     2.517926289346e-02    -1.100974866830e-09     1.583084774381e-10
        103.35343336      -5.27355937e-16     2.494104384476e-02    -1.077423039675e-09     1.589466336327e-10
        103.76684709      -6.66133815e-16     2.468979674396e-02    -1.047202768945e-09     1.848712294361e-10
        104.18026083      -8.04911693e-16     2.451871830255e-02    -1.018427564503e-09     2.109818986185e-10
        104.59367456      -5.55111512e-16     2.450297603350e-02    -9.999179262365e-10     2.229962881017e-10
        105.00708829      -1.66533454e-16     2.457344506069e-02    -9.873337702970e-10     2.430411427667e-10
        105.42050203      -5.55111512e-17     2.444737040613e-02    -9.795044775274e-10     3.038418405765e-10
        105.83391576      -8.60422844e-16     2.397816565230e-02    -9.792291422173e-10     4.062492564572e-10
        106.24732949      -1.38777878e-16     2.336569865018e-02    -9.817218149522e-10     5.137166247948e-10
        106.66074323      -2.77555756e-17     2.288036064530e-02    -9.768235109675e-10     5.710654171764e-10
        107.07415696       5.55111512e-17     2.263649637451e-02    -9.482317153697e-10     5.394662494496e-10
        107.48757069       1.66533454e-16     2.253001467823e-02    -8.898699555004e-10     4.319540281017e-10
        107.90098443      -3.60822483e-16     2.232005465698e-02    -8.381033644866e-10     3.116125135705e-10
        108.31439816       1.11022302e-16     2.193875882821e-02    -8.406044749165e-10     2.399525023122e-10
        108.72781190      -7.77156117e-16     2.150096731370e-02    -8.953047192506e-10     2.087006123475e-10
        109.14122563      -5.27355937e-16     2.103870826012e-02    -9.647038723415e-10     2.137148236159e-10
        109.55463936      -6.10622664e-16     2.049314267241e-02    -1.016319473024e-09     2.500812890105e-10
        109.96805310       2.77555756e-16     1.987510964781e-02    -1.043483077723e-09     3.078350907515e-10
        110.38146683      -1.11022302e-16     1.930108019228e-02    -1.039381025691e-09     3.493427769286e-10
        110.79488056      -2.77555756e-17     1.879393878395e-02    -9.665228617450e-10     3.717417484950e-10
        111.20829430      -8.32667268e-16     1.825729010702e-02    -8.730123290945e-10     3.717488539223e-10
        111.62170803       1.11022302e-16     1.762239649190e-02    -7.599676443704e-10     3.952154159492e-10
        112.03512176      -5.55111512e-16     1.689832468591e-02    -6.558602549944e-10     4.505995576665e-10
