# Photoabsorption spectrum from real-time propagation
# GPAW version: 19.8.1
# Total time = 39.9920 fs, Time steps = [8.0000] as
# Kick = [0, 0, 0.001]
# Gaussian folding, Width = 0.2123 eV = 0.007802 Hartree <=> FWHM = 0.499928 eV
#    om (eV)                  S_x                  S_y                  S_z
    0.000000     0.0000000000e+00     0.0000000000e+00     0.0000000000e+00
    0.050000     0.0000000000e+00     0.0000000000e+00    -1.8732328860e-10
    0.100000     0.0000000000e+00     0.0000000000e+00    -1.4388636886e-09
    0.150000     0.0000000000e+00     0.0000000000e+00    -5.8077579116e-09
    0.200000     0.0000000000e+00     0.0000000000e+00    -1.6515673558e-08
    0.250000     0.0000000000e+00     0.0000000000e+00    -3.7286995051e-08
    0.300000     0.0000000000e+00     0.0000000000e+00    -7.1114071957e-08
    0.350000     0.0000000000e+00     0.0000000000e+00    -1.1878754528e-07
    0.400000     0.0000000000e+00     0.0000000000e+00    -1.7787912679e-07
    0.450000     0.0000000000e+00     0.0000000000e+00    -2.4283451438e-07
    0.500000     0.0000000000e+00     0.0000000000e+00    -3.0636700649e-07
    0.550000     0.0000000000e+00     0.0000000000e+00    -3.6169134950e-07
    0.600000     0.0000000000e+00     0.0000000000e+00    -4.0469555819e-07
    0.650000     0.0000000000e+00     0.0000000000e+00    -4.3517838199e-07
    0.700000     0.0000000000e+00     0.0000000000e+00    -4.5674155216e-07
    0.750000     0.0000000000e+00     0.0000000000e+00    -4.7552210169e-07
    0.800000     0.0000000000e+00     0.0000000000e+00    -4.9834357429e-07
    0.850000     0.0000000000e+00     0.0000000000e+00    -5.3089761545e-07
    0.900000     0.0000000000e+00     0.0000000000e+00    -5.7633242106e-07
    0.950000     0.0000000000e+00     0.0000000000e+00    -6.3436150943e-07
    1.000000     0.0000000000e+00     0.0000000000e+00    -7.0091313116e-07
    1.050000     0.0000000000e+00     0.0000000000e+00    -7.6843590758e-07
    1.100000     0.0000000000e+00     0.0000000000e+00    -8.2709717185e-07
    1.150000     0.0000000000e+00     0.0000000000e+00    -8.6703838192e-07
    1.200000     0.0000000000e+00     0.0000000000e+00    -8.8148267186e-07
    1.250000     0.0000000000e+00     0.0000000000e+00    -8.6993971823e-07
    1.300000     0.0000000000e+00     0.0000000000e+00    -8.4032773872e-07
    1.350000     0.0000000000e+00     0.0000000000e+00    -8.0885725928e-07
    1.400000     0.0000000000e+00     0.0000000000e+00    -7.9713029840e-07
    1.450000     0.0000000000e+00     0.0000000000e+00    -8.2692284587e-07
    1.500000     0.0000000000e+00     0.0000000000e+00    -9.1410844975e-07
    1.550000     0.0000000000e+00     0.0000000000e+00    -1.0636884637e-06
    1.600000     0.0000000000e+00     0.0000000000e+00    -1.2676779931e-06
    1.650000     0.0000000000e+00     0.0000000000e+00    -1.5067393018e-06
    1.700000     0.0000000000e+00     0.0000000000e+00    -1.7552845148e-06
    1.750000     0.0000000000e+00     0.0000000000e+00    -1.9886736434e-06
    1.800000     0.0000000000e+00     0.0000000000e+00    -2.1904128752e-06
    1.850000     0.0000000000e+00     0.0000000000e+00    -2.3570968343e-06
    1.900000     0.0000000000e+00     0.0000000000e+00    -2.4993358120e-06
    1.950000     0.0000000000e+00     0.0000000000e+00    -2.6380518322e-06
    2.000000     0.0000000000e+00     0.0000000000e+00    -2.7970857583e-06
    2.050000     0.0000000000e+00     0.0000000000e+00    -2.9945167708e-06
    2.100000     0.0000000000e+00     0.0000000000e+00    -3.2357893927e-06
    2.150000     0.0000000000e+00     0.0000000000e+00    -3.5112084431e-06
    2.200000     0.0000000000e+00     0.0000000000e+00    -3.7987031452e-06
    2.250000     0.0000000000e+00     0.0000000000e+00    -4.0707142543e-06
    2.300000     0.0000000000e+00     0.0000000000e+00    -4.3026120635e-06
    2.350000     0.0000000000e+00     0.0000000000e+00    -4.4798394037e-06
    2.400000     0.0000000000e+00     0.0000000000e+00    -4.6018677691e-06
    2.450000     0.0000000000e+00     0.0000000000e+00    -4.6823272944e-06
    2.500000     0.0000000000e+00     0.0000000000e+00    -4.7455885643e-06
    2.550000     0.0000000000e+00     0.0000000000e+00    -4.8204566933e-06
    2.600000     0.0000000000e+00     0.0000000000e+00    -4.9318966205e-06
    2.650000     0.0000000000e+00     0.0000000000e+00    -5.0923215722e-06
    2.700000     0.0000000000e+00     0.0000000000e+00    -5.2948789439e-06
    2.750000     0.0000000000e+00     0.0000000000e+00    -5.5116328951e-06
    2.800000     0.0000000000e+00     0.0000000000e+00    -5.6987252585e-06
    2.850000     0.0000000000e+00     0.0000000000e+00    -5.8083163550e-06
    2.900000     0.0000000000e+00     0.0000000000e+00    -5.8042145300e-06
    2.950000     0.0000000000e+00     0.0000000000e+00    -5.6760714983e-06
    3.000000     0.0000000000e+00     0.0000000000e+00    -5.4470338758e-06
    3.050000     0.0000000000e+00     0.0000000000e+00    -5.1719264651e-06
    3.100000     0.0000000000e+00     0.0000000000e+00    -4.9263849542e-06
    3.150000     0.0000000000e+00     0.0000000000e+00    -4.7903253041e-06
    3.200000     0.0000000000e+00     0.0000000000e+00    -4.8305707099e-06
    3.250000     0.0000000000e+00     0.0000000000e+00    -5.0871067199e-06
    3.300000     0.0000000000e+00     0.0000000000e+00    -5.5658881863e-06
    3.350000     0.0000000000e+00     0.0000000000e+00    -6.2392400652e-06
    3.400000     0.0000000000e+00     0.0000000000e+00    -7.0532137676e-06
    3.450000     0.0000000000e+00     0.0000000000e+00    -7.9397164378e-06
    3.500000     0.0000000000e+00     0.0000000000e+00    -8.8291340807e-06
    3.550000     0.0000000000e+00     0.0000000000e+00    -9.6546989033e-06
    3.600000     0.0000000000e+00     0.0000000000e+00    -1.0327418959e-05
    3.650000     0.0000000000e+00     0.0000000000e+00    -1.0622808057e-05
    3.700000     0.0000000000e+00     0.0000000000e+00    -9.8104285861e-06
    3.750000     0.0000000000e+00     0.0000000000e+00    -5.5577915538e-06
    3.800000     0.0000000000e+00     0.0000000000e+00     9.1028980225e-06
    3.850000     0.0000000000e+00     0.0000000000e+00     5.3629620959e-05
    3.900000     0.0000000000e+00     0.0000000000e+00     1.7891801814e-04
    3.950000     0.0000000000e+00     0.0000000000e+00     5.0966884196e-04
    4.000000     0.0000000000e+00     0.0000000000e+00     1.3317396093e-03
    4.050000     0.0000000000e+00     0.0000000000e+00     3.2570602796e-03
    4.100000     0.0000000000e+00     0.0000000000e+00     7.5058358156e-03
    4.150000     0.0000000000e+00     0.0000000000e+00     1.6336934963e-02
    4.200000     0.0000000000e+00     0.0000000000e+00     3.3614694030e-02
    4.250000     0.0000000000e+00     0.0000000000e+00     6.5407625611e-02
    4.300000     0.0000000000e+00     0.0000000000e+00     1.2037373950e-01
    4.350000     0.0000000000e+00     0.0000000000e+00     2.0953998191e-01
    4.400000     0.0000000000e+00     0.0000000000e+00     3.4502188362e-01
    4.450000     0.0000000000e+00     0.0000000000e+00     5.3737496592e-01
    4.500000     0.0000000000e+00     0.0000000000e+00     7.9170412687e-01
    4.550000     0.0000000000e+00     0.0000000000e+00     1.1033299823e+00
    4.600000     0.0000000000e+00     0.0000000000e+00     1.4544764346e+00
    4.650000     0.0000000000e+00     0.0000000000e+00     1.8137112015e+00
    4.700000     0.0000000000e+00     0.0000000000e+00     2.1393952198e+00
    4.750000     0.0000000000e+00     0.0000000000e+00     2.3871325270e+00
    4.800000     0.0000000000e+00     0.0000000000e+00     2.5195664135e+00
    4.850000     0.0000000000e+00     0.0000000000e+00     2.5155908164e+00
    4.900000     0.0000000000e+00     0.0000000000e+00     2.3758567947e+00
    4.950000    -0.0000000000e+00     0.0000000000e+00     2.1225982403e+00
    5.000000    -0.0000000000e+00     0.0000000000e+00     1.7938409507e+00
    5.050000    -0.0000000000e+00     0.0000000000e+00     1.4340693765e+00
    5.100000    -0.0000000000e+00     0.0000000000e+00     1.0844969024e+00
    5.150000    -0.0000000000e+00     0.0000000000e+00     7.7581975804e-01
    5.200000    -0.0000000000e+00     0.0000000000e+00     5.2501449066e-01
    5.250000    -0.0000000000e+00     0.0000000000e+00     3.3609760064e-01
    5.300000    -0.0000000000e+00     0.0000000000e+00     2.0354161219e-01
    5.350000    -0.0000000000e+00    -0.0000000000e+00     1.1661473778e-01
    5.400000    -0.0000000000e+00    -0.0000000000e+00     6.3212563801e-02
    5.450000    -0.0000000000e+00    -0.0000000000e+00     3.2425095312e-02
    5.500000    -0.0000000000e+00    -0.0000000000e+00     1.5745585487e-02
    5.550000    -0.0000000000e+00    -0.0000000000e+00     7.2448859897e-03
    5.600000    -0.0000000000e+00    -0.0000000000e+00     3.1655658626e-03
    5.650000    -0.0000000000e+00    -0.0000000000e+00     1.3206945907e-03
    5.700000    -0.0000000000e+00    -0.0000000000e+00     5.3358909869e-04
    5.750000    -0.0000000000e+00     0.0000000000e+00     2.1632209658e-04
    5.800000    -0.0000000000e+00     0.0000000000e+00     9.5206301449e-05
    5.850000    -0.0000000000e+00     0.0000000000e+00     5.1238614658e-05
    5.900000    -0.0000000000e+00     0.0000000000e+00     3.5981229346e-05
    5.950000    -0.0000000000e+00     0.0000000000e+00     3.0940670405e-05
    6.000000    -0.0000000000e+00     0.0000000000e+00     2.9498317839e-05
    6.050000    -0.0000000000e+00     0.0000000000e+00     2.9513958660e-05
    6.100000     0.0000000000e+00     0.0000000000e+00     3.0636996388e-05
    6.150000     0.0000000000e+00     0.0000000000e+00     3.3693974481e-05
    6.200000     0.0000000000e+00     0.0000000000e+00     4.1243983428e-05
    6.250000     0.0000000000e+00     0.0000000000e+00     5.9271377948e-05
    6.300000     0.0000000000e+00     0.0000000000e+00     1.0044652588e-04
    6.350000     0.0000000000e+00     0.0000000000e+00     1.8955031663e-04
    6.400000     0.0000000000e+00     0.0000000000e+00     3.7140419916e-04
    6.450000     0.0000000000e+00     0.0000000000e+00     7.2071368719e-04
    6.500000     0.0000000000e+00     0.0000000000e+00     1.3514266691e-03
    6.550000     0.0000000000e+00     0.0000000000e+00     2.4207358254e-03
    6.600000     0.0000000000e+00     0.0000000000e+00     4.1206670496e-03
    6.650000     0.0000000000e+00     0.0000000000e+00     6.6500405994e-03
    6.700000     0.0000000000e+00     0.0000000000e+00     1.0163424146e-02
    6.750000     0.0000000000e+00     0.0000000000e+00     1.4702355195e-02
    6.800000     0.0000000000e+00     0.0000000000e+00     2.0125789845e-02
    6.850000     0.0000000000e+00     0.0000000000e+00     2.6066428632e-02
    6.900000     0.0000000000e+00     0.0000000000e+00     3.1940626302e-02
    6.950000     0.0000000000e+00     0.0000000000e+00     3.7027409438e-02
    7.000000     0.0000000000e+00     0.0000000000e+00     4.0608175070e-02
    7.050000    -0.0000000000e+00    -0.0000000000e+00     4.2131843975e-02
    7.100000    -0.0000000000e+00    -0.0000000000e+00     4.1353645713e-02
    7.150000    -0.0000000000e+00    -0.0000000000e+00     3.8399478150e-02
    7.200000    -0.0000000000e+00    -0.0000000000e+00     3.3732565929e-02
    7.250000    -0.0000000000e+00    -0.0000000000e+00     2.8034558382e-02
    7.300000    -0.0000000000e+00    -0.0000000000e+00     2.2043040124e-02
    7.350000    -0.0000000000e+00    -0.0000000000e+00     1.6398542959e-02
    7.400000    -0.0000000000e+00    -0.0000000000e+00     1.1543436903e-02
    7.450000    -0.0000000000e+00    -0.0000000000e+00     7.6901618664e-03
    7.500000    -0.0000000000e+00    -0.0000000000e+00     4.8500992965e-03
    7.550000     0.0000000000e+00    -0.0000000000e+00     2.8978334200e-03
    7.600000     0.0000000000e+00    -0.0000000000e+00     1.6425679421e-03
    7.650000     0.0000000000e+00     0.0000000000e+00     8.8605178440e-04
    7.700000     0.0000000000e+00     0.0000000000e+00     4.5807433371e-04
    7.750000     0.0000000000e+00     0.0000000000e+00     2.3058865304e-04
    7.800000     0.0000000000e+00     0.0000000000e+00     1.1693942020e-04
    7.850000     0.0000000000e+00     0.0000000000e+00     6.3633431633e-05
    7.900000     0.0000000000e+00     0.0000000000e+00     4.0355051187e-05
    7.950000     0.0000000000e+00     0.0000000000e+00     3.1413600375e-05
    8.000000     0.0000000000e+00     0.0000000000e+00     2.9741907282e-05
    8.050000     0.0000000000e+00     0.0000000000e+00     3.3356186797e-05
    8.100000     0.0000000000e+00     0.0000000000e+00     4.3709281378e-05
    8.150000     0.0000000000e+00     0.0000000000e+00     6.5297411963e-05
    8.200000     0.0000000000e+00     0.0000000000e+00     1.0592269207e-04
    8.250000     0.0000000000e+00     0.0000000000e+00     1.7700765840e-04
    8.300000     0.0000000000e+00     0.0000000000e+00     2.9328943357e-04
    8.350000     0.0000000000e+00     0.0000000000e+00     4.7120045539e-04
    8.400000     0.0000000000e+00     0.0000000000e+00     7.2544735372e-04
    8.450000     0.0000000000e+00     0.0000000000e+00     1.0638683575e-03
    8.500000     0.0000000000e+00     0.0000000000e+00     1.4815480230e-03
    8.550000     0.0000000000e+00     0.0000000000e+00     1.9560958281e-03
    8.600000     0.0000000000e+00     0.0000000000e+00     2.4464370093e-03
    8.650000     0.0000000000e+00     0.0000000000e+00     2.8969317015e-03
    8.700000     0.0000000000e+00     0.0000000000e+00     3.2470174246e-03
    8.750000     0.0000000000e+00     0.0000000000e+00     3.4443506246e-03
    8.800000     0.0000000000e+00     0.0000000000e+00     3.4575936685e-03
    8.850000     0.0000000000e+00     0.0000000000e+00     3.2845614742e-03
    8.900000     0.0000000000e+00     0.0000000000e+00     2.9528272119e-03
    8.950000     0.0000000000e+00     0.0000000000e+00     2.5125919275e-03
    9.000000     0.0000000000e+00     0.0000000000e+00     2.0244434181e-03
    9.050000     0.0000000000e+00     0.0000000000e+00     1.5463099301e-03
    9.100000     0.0000000000e+00     0.0000000000e+00     1.1238386267e-03
    9.150000     0.0000000000e+00     0.0000000000e+00     7.8690022655e-04
    9.200000     0.0000000000e+00     0.0000000000e+00     5.5287385299e-04
    9.250000     0.0000000000e+00     0.0000000000e+00     4.3573470531e-04
    9.300000     0.0000000000e+00     0.0000000000e+00     4.5913015306e-04
    9.350000     0.0000000000e+00     0.0000000000e+00     6.7125267741e-04
    9.400000     0.0000000000e+00     0.0000000000e+00     1.1586676630e-03
    9.450000     0.0000000000e+00     0.0000000000e+00     2.0548184340e-03
    9.500000     0.0000000000e+00     0.0000000000e+00     3.5370433931e-03
    9.550000     0.0000000000e+00     0.0000000000e+00     5.8050497025e-03
    9.600000     0.0000000000e+00     0.0000000000e+00     9.0360377525e-03
    9.650000     0.0000000000e+00     0.0000000000e+00     1.3318654097e-02
    9.700000     0.0000000000e+00     0.0000000000e+00     1.8579025683e-02
    9.750000     0.0000000000e+00     0.0000000000e+00     2.4523322736e-02
    9.800000     0.0000000000e+00     0.0000000000e+00     3.0626080505e-02
    9.850000     0.0000000000e+00     0.0000000000e+00     3.6185944354e-02
    9.900000     0.0000000000e+00     0.0000000000e+00     4.0449567275e-02
    9.950000     0.0000000000e+00     0.0000000000e+00     4.2776659378e-02
   10.000000     0.0000000000e+00     0.0000000000e+00     4.2797187602e-02
   10.050000     0.0000000000e+00     0.0000000000e+00     4.0507724178e-02
   10.100000     0.0000000000e+00     0.0000000000e+00     3.6272492263e-02
   10.150000     0.0000000000e+00     0.0000000000e+00     3.0728807437e-02
   10.200000    -0.0000000000e+00     0.0000000000e+00     2.4630947073e-02
   10.250000    -0.0000000000e+00    -0.0000000000e+00     1.8685477182e-02
   10.300000    -0.0000000000e+00    -0.0000000000e+00     1.3427529754e-02
   10.350000    -0.0000000000e+00    -0.0000000000e+00     9.1657304124e-03
   10.400000    -0.0000000000e+00    -0.0000000000e+00     5.9955249418e-03
   10.450000    -0.0000000000e+00    -0.0000000000e+00     3.8590432379e-03
   10.500000     0.0000000000e+00    -0.0000000000e+00     2.6210879852e-03
   10.550000     0.0000000000e+00     0.0000000000e+00     2.1346441407e-03
   10.600000     0.0000000000e+00     0.0000000000e+00     2.2800521559e-03
   10.650000     0.0000000000e+00     0.0000000000e+00     2.9737633157e-03
   10.700000     0.0000000000e+00     0.0000000000e+00     4.1518599912e-03
   10.750000     0.0000000000e+00     0.0000000000e+00     5.7394041098e-03
   10.800000     0.0000000000e+00     0.0000000000e+00     7.6195017143e-03
   10.850000     0.0000000000e+00     0.0000000000e+00     9.6157577335e-03
   10.900000     0.0000000000e+00     0.0000000000e+00     1.1497979265e-02
   10.950000     0.0000000000e+00     0.0000000000e+00     1.3013454762e-02
   11.000000     0.0000000000e+00     0.0000000000e+00     1.3936505631e-02
   11.050000     0.0000000000e+00     0.0000000000e+00     1.4120805333e-02
   11.100000     0.0000000000e+00     0.0000000000e+00     1.3536162312e-02
   11.150000     0.0000000000e+00     0.0000000000e+00     1.2276110044e-02
   11.200000     0.0000000000e+00     0.0000000000e+00     1.0533219237e-02
   11.250000     0.0000000000e+00     0.0000000000e+00     8.5508922560e-03
   11.300000     0.0000000000e+00     0.0000000000e+00     6.5681698258e-03
   11.350000     0.0000000000e+00     0.0000000000e+00     4.7746475895e-03
   11.400000     0.0000000000e+00     0.0000000000e+00     3.2865859623e-03
   11.450000     0.0000000000e+00     0.0000000000e+00     2.1463376624e-03
   11.500000     0.0000000000e+00     0.0000000000e+00     1.3396563498e-03
   11.550000     0.0000000000e+00     0.0000000000e+00     8.2203968368e-04
   11.600000     0.0000000000e+00     0.0000000000e+00     5.4617354749e-04
   11.650000     0.0000000000e+00     0.0000000000e+00     4.8591468536e-04
   11.700000     0.0000000000e+00     0.0000000000e+00     6.5553396991e-04
   11.750000     0.0000000000e+00     0.0000000000e+00     1.1242015462e-03
   11.800000     0.0000000000e+00     0.0000000000e+00     2.0243039693e-03
   11.850000     0.0000000000e+00     0.0000000000e+00     3.5490133086e-03
   11.900000     0.0000000000e+00     0.0000000000e+00     5.9317620954e-03
   11.950000     0.0000000000e+00     0.0000000000e+00     9.4008189207e-03
   12.000000     0.0000000000e+00     0.0000000000e+00     1.4108405917e-02
   12.050000     0.0000000000e+00     0.0000000000e+00     2.0045852134e-02
   12.100000    -0.0000000000e+00    -0.0000000000e+00     2.6970401275e-02
   12.150000    -0.0000000000e+00    -0.0000000000e+00     3.4378088720e-02
   12.200000    -0.0000000000e+00    -0.0000000000e+00     4.1552462460e-02
   12.250000    -0.0000000000e+00    -0.0000000000e+00     4.7697122985e-02
   12.300000    -0.0000000000e+00    -0.0000000000e+00     5.2126175665e-02
   12.350000    -0.0000000000e+00    -0.0000000000e+00     5.4454726437e-02
   12.400000    -0.0000000000e+00    -0.0000000000e+00     5.4718611368e-02
   12.450000    -0.0000000000e+00    -0.0000000000e+00     5.3369403560e-02
   12.500000    -0.0000000000e+00    -0.0000000000e+00     5.1134318684e-02
   12.550000     0.0000000000e+00     0.0000000000e+00     4.8783668103e-02
   12.600000     0.0000000000e+00     0.0000000000e+00     4.6887311310e-02
   12.650000     0.0000000000e+00     0.0000000000e+00     4.5647908611e-02
   12.700000     0.0000000000e+00     0.0000000000e+00     4.4869126710e-02
   12.750000     0.0000000000e+00     0.0000000000e+00     4.4064149798e-02
   12.800000     0.0000000000e+00     0.0000000000e+00     4.2656783814e-02
   12.850000     0.0000000000e+00     0.0000000000e+00     4.0196236285e-02
   12.900000     0.0000000000e+00     0.0000000000e+00     3.6508778223e-02
   12.950000     0.0000000000e+00     0.0000000000e+00     3.1741272412e-02
   13.000000     0.0000000000e+00     0.0000000000e+00     2.6296870551e-02
   13.050000     0.0000000000e+00     0.0000000000e+00     2.0701808053e-02
   13.100000     0.0000000000e+00     0.0000000000e+00     1.5459442432e-02
   13.150000     0.0000000000e+00     0.0000000000e+00     1.0940330340e-02
   13.200000     0.0000000000e+00     0.0000000000e+00     7.3332675746e-03
   13.250000     0.0000000000e+00     0.0000000000e+00     4.6552674684e-03
   13.300000     0.0000000000e+00     0.0000000000e+00     2.7998850758e-03
   13.350000     0.0000000000e+00     0.0000000000e+00     1.5978411769e-03
   13.400000     0.0000000000e+00     0.0000000000e+00     8.6934663802e-04
   13.450000     0.0000000000e+00     0.0000000000e+00     4.5791791494e-04
   13.500000     0.0000000000e+00     0.0000000000e+00     2.4505228970e-04
   13.550000    -0.0000000000e+00    -0.0000000000e+00     1.5076830136e-04
   13.600000    -0.0000000000e+00    -0.0000000000e+00     1.2647451002e-04
   13.650000    -0.0000000000e+00    -0.0000000000e+00     1.4539950410e-04
   13.700000    -0.0000000000e+00    -0.0000000000e+00     1.9370404970e-04
   13.750000    -0.0000000000e+00    -0.0000000000e+00     2.6363250045e-04
   13.800000    -0.0000000000e+00    -0.0000000000e+00     3.4908536749e-04
   13.850000     0.0000000000e+00    -0.0000000000e+00     4.4367966293e-04
   13.900000     0.0000000000e+00    -0.0000000000e+00     5.4135199138e-04
   13.950000     0.0000000000e+00     0.0000000000e+00     6.3952813013e-04
   14.000000     0.0000000000e+00     0.0000000000e+00     7.4465357278e-04
   14.050000     0.0000000000e+00     0.0000000000e+00     8.7940132614e-04
   14.100000     0.0000000000e+00     0.0000000000e+00     1.0901506758e-03
   14.150000     0.0000000000e+00     0.0000000000e+00     1.4523995150e-03
   14.200000     0.0000000000e+00     0.0000000000e+00     2.0707996095e-03
   14.250000     0.0000000000e+00     0.0000000000e+00     3.0699685386e-03
   14.300000     0.0000000000e+00     0.0000000000e+00     4.5729927324e-03
   14.350000     0.0000000000e+00     0.0000000000e+00     6.6675170498e-03
   14.400000     0.0000000000e+00     0.0000000000e+00     9.3647407950e-03
   14.450000     0.0000000000e+00     0.0000000000e+00     1.2563169138e-02
   14.500000     0.0000000000e+00     0.0000000000e+00     1.6033490548e-02
   14.550000     0.0000000000e+00     0.0000000000e+00     1.9439668078e-02
   14.600000     0.0000000000e+00     0.0000000000e+00     2.2402022327e-02
   14.650000     0.0000000000e+00     0.0000000000e+00     2.4592320034e-02
   14.700000     0.0000000000e+00     0.0000000000e+00     2.5834512008e-02
   14.750000     0.0000000000e+00     0.0000000000e+00     2.6175704774e-02
   14.800000     0.0000000000e+00     0.0000000000e+00     2.5896143160e-02
   14.850000     0.0000000000e+00     0.0000000000e+00     2.5444841768e-02
   14.900000     0.0000000000e+00     0.0000000000e+00     2.5313134163e-02
   14.950000     0.0000000000e+00     0.0000000000e+00     2.5882091014e-02
   15.000000     0.0000000000e+00     0.0000000000e+00     2.7292191448e-02
   15.050000     0.0000000000e+00     0.0000000000e+00     2.9379621594e-02
   15.100000     0.0000000000e+00     0.0000000000e+00     3.1703754570e-02
   15.150000     0.0000000000e+00     0.0000000000e+00     3.3660901536e-02
   15.200000     0.0000000000e+00     0.0000000000e+00     3.4650224603e-02
   15.250000     0.0000000000e+00     0.0000000000e+00     3.4239431485e-02
   15.300000     0.0000000000e+00     0.0000000000e+00     3.2278024730e-02
   15.350000     0.0000000000e+00     0.0000000000e+00     2.8925132893e-02
   15.400000     0.0000000000e+00     0.0000000000e+00     2.4589916707e-02
   15.450000     0.0000000000e+00     0.0000000000e+00     1.9812500174e-02
   15.500000     0.0000000000e+00     0.0000000000e+00     1.5130232456e-02
   15.550000     0.0000000000e+00     0.0000000000e+00     1.0972300513e-02
   15.600000     0.0000000000e+00     0.0000000000e+00     7.6085608603e-03
   15.650000    -0.0000000000e+00     0.0000000000e+00     5.1553701897e-03
   15.700000    -0.0000000000e+00     0.0000000000e+00     3.6221642425e-03
   15.750000    -0.0000000000e+00     0.0000000000e+00     2.9733174844e-03
   15.800000    -0.0000000000e+00    -0.0000000000e+00     3.1805494319e-03
   15.850000    -0.0000000000e+00    -0.0000000000e+00     4.2483739084e-03
   15.900000    -0.0000000000e+00    -0.0000000000e+00     6.2050121569e-03
   15.950000     0.0000000000e+00    -0.0000000000e+00     9.0616315673e-03
   16.000000     0.0000000000e+00    -0.0000000000e+00     1.2752853812e-02
   16.050000     0.0000000000e+00    -0.0000000000e+00     1.7079895415e-02
   16.100000     0.0000000000e+00    -0.0000000000e+00     2.1681541132e-02
   16.150000     0.0000000000e+00    -0.0000000000e+00     2.6053753230e-02
   16.200000     0.0000000000e+00    -0.0000000000e+00     2.9624501426e-02
   16.250000     0.0000000000e+00    -0.0000000000e+00     3.1869592952e-02
   16.300000     0.0000000000e+00    -0.0000000000e+00     3.2436113711e-02
   16.350000     0.0000000000e+00    -0.0000000000e+00     3.1232248515e-02
   16.400000     0.0000000000e+00    -0.0000000000e+00     2.8451280584e-02
   16.450000    -0.0000000000e+00    -0.0000000000e+00     2.4520840919e-02
   16.500000    -0.0000000000e+00    -0.0000000000e+00     1.9995785759e-02
   16.550000    -0.0000000000e+00    -0.0000000000e+00     1.5432021583e-02
   16.600000    -0.0000000000e+00    -0.0000000000e+00     1.1281361779e-02
   16.650000    -0.0000000000e+00    -0.0000000000e+00     7.8347345747e-03
   16.700000    -0.0000000000e+00     0.0000000000e+00     5.2205613143e-03
   16.750000    -0.0000000000e+00     0.0000000000e+00     3.4466735591e-03
   16.800000     0.0000000000e+00     0.0000000000e+00     2.4641720919e-03
   16.850000     0.0000000000e+00     0.0000000000e+00     2.2308962568e-03
   16.900000     0.0000000000e+00     0.0000000000e+00     2.7571341374e-03
   16.950000     0.0000000000e+00     0.0000000000e+00     4.1225302263e-03
   17.000000     0.0000000000e+00     0.0000000000e+00     6.4587069063e-03
   17.050000     0.0000000000e+00     0.0000000000e+00     9.8977363581e-03
   17.100000     0.0000000000e+00     0.0000000000e+00     1.4494385617e-02
   17.150000     0.0000000000e+00     0.0000000000e+00     2.0140521148e-02
   17.200000     0.0000000000e+00     0.0000000000e+00     2.6500049390e-02
   17.250000     0.0000000000e+00     0.0000000000e+00     3.2995971060e-02
   17.300000     0.0000000000e+00     0.0000000000e+00     3.8871552652e-02
   17.350000     0.0000000000e+00     0.0000000000e+00     4.3324438467e-02
   17.400000     0.0000000000e+00     0.0000000000e+00     4.5682963445e-02
   17.450000     0.0000000000e+00     0.0000000000e+00     4.5571339112e-02
   17.500000     0.0000000000e+00     0.0000000000e+00     4.3007507043e-02
   17.550000     0.0000000000e+00     0.0000000000e+00     3.8398494555e-02
   17.600000     0.0000000000e+00     0.0000000000e+00     3.2435042881e-02
   17.650000    -0.0000000000e+00    -0.0000000000e+00     2.5923451409e-02
   17.700000    -0.0000000000e+00    -0.0000000000e+00     1.9611767103e-02
   17.750000    -0.0000000000e+00    -0.0000000000e+00     1.4062631505e-02
   17.800000    -0.0000000000e+00    -0.0000000000e+00     9.6014155933e-03
   17.850000    -0.0000000000e+00    -0.0000000000e+00     6.3387403418e-03
   17.900000    -0.0000000000e+00    -0.0000000000e+00     4.2439705766e-03
   17.950000    -0.0000000000e+00    -0.0000000000e+00     3.2371318452e-03
   18.000000    -0.0000000000e+00    -0.0000000000e+00     3.2694627124e-03
   18.050000    -0.0000000000e+00    -0.0000000000e+00     4.3715964879e-03
   18.100000    -0.0000000000e+00     0.0000000000e+00     6.6578464100e-03
   18.150000     0.0000000000e+00     0.0000000000e+00     1.0283612302e-02
   18.200000     0.0000000000e+00     0.0000000000e+00     1.5362224589e-02
   18.250000     0.0000000000e+00     0.0000000000e+00     2.1859457725e-02
   18.300000     0.0000000000e+00     0.0000000000e+00     2.9496955163e-02
   18.350000     0.0000000000e+00     0.0000000000e+00     3.7703772197e-02
   18.400000     0.0000000000e+00     0.0000000000e+00     4.5650097383e-02
   18.450000     0.0000000000e+00     0.0000000000e+00     5.2374691396e-02
   18.500000     0.0000000000e+00     0.0000000000e+00     5.6982467796e-02
   18.550000     0.0000000000e+00     0.0000000000e+00     5.8855233884e-02
   18.600000     0.0000000000e+00     0.0000000000e+00     5.7804460153e-02
   18.650000     0.0000000000e+00     0.0000000000e+00     5.4110591732e-02
   18.700000     0.0000000000e+00     0.0000000000e+00     4.8434626411e-02
   18.750000     0.0000000000e+00     0.0000000000e+00     4.1636110614e-02
   18.800000     0.0000000000e+00     0.0000000000e+00     3.4564503853e-02
   18.850000     0.0000000000e+00     0.0000000000e+00     2.7893522387e-02
   18.900000     0.0000000000e+00     0.0000000000e+00     2.2042153338e-02
   18.950000     0.0000000000e+00     0.0000000000e+00     1.7187026667e-02
   19.000000     0.0000000000e+00     0.0000000000e+00     1.3338186217e-02
   19.050000     0.0000000000e+00     0.0000000000e+00     1.0436519037e-02
   19.100000     0.0000000000e+00     0.0000000000e+00     8.4366519247e-03
   19.150000     0.0000000000e+00     0.0000000000e+00     7.3551260860e-03
   19.200000     0.0000000000e+00     0.0000000000e+00     7.2792356061e-03
   19.250000     0.0000000000e+00     0.0000000000e+00     8.3408664239e-03
   19.300000     0.0000000000e+00     0.0000000000e+00     1.0662696473e-02
   19.350000     0.0000000000e+00     0.0000000000e+00     1.4286143222e-02
   19.400000     0.0000000000e+00     0.0000000000e+00     1.9095586811e-02
   19.450000     0.0000000000e+00     0.0000000000e+00     2.4761015195e-02
   19.500000     0.0000000000e+00     0.0000000000e+00     3.0725643815e-02
   19.550000     0.0000000000e+00     0.0000000000e+00     3.6259219750e-02
   19.600000     0.0000000000e+00     0.0000000000e+00     4.0578813610e-02
   19.650000     0.0000000000e+00     0.0000000000e+00     4.3012122193e-02
   19.700000     0.0000000000e+00     0.0000000000e+00     4.3155747786e-02
   19.750000     0.0000000000e+00     0.0000000000e+00     4.0975364169e-02
   19.800000     0.0000000000e+00     0.0000000000e+00     3.6811666086e-02
   19.850000     0.0000000000e+00     0.0000000000e+00     3.1289461823e-02
   19.900000     0.0000000000e+00     0.0000000000e+00     2.5162095841e-02
   19.950000     0.0000000000e+00     0.0000000000e+00     1.9143687458e-02
   20.000000     0.0000000000e+00     0.0000000000e+00     1.3779489206e-02
   20.050000     0.0000000000e+00     0.0000000000e+00     9.3836439583e-03
   20.100000     0.0000000000e+00     0.0000000000e+00     6.0457009936e-03
   20.150000     0.0000000000e+00     0.0000000000e+00     3.6852921932e-03
   20.200000     0.0000000000e+00     0.0000000000e+00     2.1256240696e-03
   20.250000     0.0000000000e+00    -0.0000000000e+00     1.1604818157e-03
   20.300000     0.0000000000e+00    -0.0000000000e+00     6.0056676258e-04
   20.350000     0.0000000000e+00     0.0000000000e+00     2.9652950123e-04
   20.400000     0.0000000000e+00     0.0000000000e+00     1.4369093606e-04
   20.450000     0.0000000000e+00     0.0000000000e+00     7.6136232033e-05
   20.500000     0.0000000000e+00     0.0000000000e+00     5.6933624859e-05
   20.550000     0.0000000000e+00     0.0000000000e+00     6.8722525254e-05
   20.600000     0.0000000000e+00     0.0000000000e+00     1.0644595051e-04
   20.650000     0.0000000000e+00     0.0000000000e+00     1.7233986212e-04
   20.700000     0.0000000000e+00     0.0000000000e+00     2.7252120127e-04
   20.750000     0.0000000000e+00     0.0000000000e+00     4.1438764717e-04
   20.800000     0.0000000000e+00     0.0000000000e+00     6.0425186157e-04
   20.850000     0.0000000000e+00     0.0000000000e+00     8.4495929649e-04
   20.900000     0.0000000000e+00     0.0000000000e+00     1.1335662203e-03
   20.950000     0.0000000000e+00     0.0000000000e+00     1.4594434658e-03
   21.000000     0.0000000000e+00     0.0000000000e+00     1.8034028876e-03
   21.050000     0.0000000000e+00     0.0000000000e+00     2.1385677587e-03
   21.100000     0.0000000000e+00     0.0000000000e+00     2.4336257537e-03
   21.150000     0.0000000000e+00     0.0000000000e+00     2.6587097952e-03
   21.200000     0.0000000000e+00     0.0000000000e+00     2.7934361576e-03
   21.250000    -0.0000000000e+00     0.0000000000e+00     2.8357474763e-03
   21.300000    -0.0000000000e+00     0.0000000000e+00     2.8094567233e-03
   21.350000    -0.0000000000e+00     0.0000000000e+00     2.7680595235e-03
   21.400000    -0.0000000000e+00     0.0000000000e+00     2.7926162444e-03
   21.450000    -0.0000000000e+00     0.0000000000e+00     2.9822733380e-03
   21.500000     0.0000000000e+00     0.0000000000e+00     3.4372364196e-03
   21.550000     0.0000000000e+00    -0.0000000000e+00     4.2357584424e-03
   21.600000     0.0000000000e+00    -0.0000000000e+00     5.4089711358e-03
   21.650000     0.0000000000e+00    -0.0000000000e+00     6.9197739608e-03
   21.700000     0.0000000000e+00    -0.0000000000e+00     8.6534225258e-03
   21.750000     0.0000000000e+00    -0.0000000000e+00     1.0426431151e-02
   21.800000     0.0000000000e+00    -0.0000000000e+00     1.2015976327e-02
   21.850000     0.0000000000e+00     0.0000000000e+00     1.3204902856e-02
   21.900000     0.0000000000e+00     0.0000000000e+00     1.3830467252e-02
   21.950000     0.0000000000e+00     0.0000000000e+00     1.3821801912e-02
   22.000000     0.0000000000e+00     0.0000000000e+00     1.3214191646e-02
   22.050000     0.0000000000e+00     0.0000000000e+00     1.2136940670e-02
   22.100000     0.0000000000e+00     0.0000000000e+00     1.0781957546e-02
   22.150000     0.0000000000e+00     0.0000000000e+00     9.3670362459e-03
   22.200000     0.0000000000e+00     0.0000000000e+00     8.1076794035e-03
   22.250000     0.0000000000e+00     0.0000000000e+00     7.2043710456e-03
   22.300000     0.0000000000e+00     0.0000000000e+00     6.8421374998e-03
   22.350000     0.0000000000e+00     0.0000000000e+00     7.1911885526e-03
   22.400000     0.0000000000e+00     0.0000000000e+00     8.3955073676e-03
   22.450000     0.0000000000e+00     0.0000000000e+00     1.0541796798e-02
   22.500000     0.0000000000e+00     0.0000000000e+00     1.3612335761e-02
   22.550000     0.0000000000e+00     0.0000000000e+00     1.7437590801e-02
   22.600000     0.0000000000e+00     0.0000000000e+00     2.1672127615e-02
   22.650000     0.0000000000e+00     0.0000000000e+00     2.5815515476e-02
   22.700000     0.0000000000e+00     0.0000000000e+00     2.9286868965e-02
   22.750000     0.0000000000e+00     0.0000000000e+00     3.1541026700e-02
   22.800000     0.0000000000e+00     0.0000000000e+00     3.2194621962e-02
   22.850000     0.0000000000e+00     0.0000000000e+00     3.1121344634e-02
   22.900000     0.0000000000e+00     0.0000000000e+00     2.8483433066e-02
   22.950000     0.0000000000e+00     0.0000000000e+00     2.4688753976e-02
   23.000000     0.0000000000e+00     0.0000000000e+00     2.0289919464e-02
   23.050000     0.0000000000e+00     0.0000000000e+00     1.5861280601e-02
   23.100000     0.0000000000e+00     0.0000000000e+00     1.1892972359e-02
   23.150000     0.0000000000e+00     0.0000000000e+00     8.7284973673e-03
   23.200000     0.0000000000e+00     0.0000000000e+00     6.5513125443e-03
   23.250000     0.0000000000e+00     0.0000000000e+00     5.4070469788e-03
   23.300000     0.0000000000e+00     0.0000000000e+00     5.2391157360e-03
   23.350000     0.0000000000e+00     0.0000000000e+00     5.9184724669e-03
   23.400000     0.0000000000e+00     0.0000000000e+00     7.2593184380e-03
   23.450000     0.0000000000e+00     0.0000000000e+00     9.0251161936e-03
   23.500000     0.0000000000e+00     0.0000000000e+00     1.0937003673e-02
   23.550000     0.0000000000e+00     0.0000000000e+00     1.2696327064e-02
   23.600000     0.0000000000e+00     0.0000000000e+00     1.4025151447e-02
   23.650000     0.0000000000e+00     0.0000000000e+00     1.4717426326e-02
   23.700000     0.0000000000e+00     0.0000000000e+00     1.4684742561e-02
   23.750000     0.0000000000e+00     0.0000000000e+00     1.3978949232e-02
   23.800000     0.0000000000e+00     0.0000000000e+00     1.2780466237e-02
   23.850000     0.0000000000e+00     0.0000000000e+00     1.1353022408e-02
   23.900000     0.0000000000e+00     0.0000000000e+00     9.9773898168e-03
   23.950000     0.0000000000e+00     0.0000000000e+00     8.8834977786e-03
   24.000000     0.0000000000e+00     0.0000000000e+00     8.1998985551e-03
   24.050000     0.0000000000e+00     0.0000000000e+00     7.9330325242e-03
   24.100000     0.0000000000e+00     0.0000000000e+00     7.9792539727e-03
   24.150000     0.0000000000e+00     0.0000000000e+00     8.1634636219e-03
   24.200000     0.0000000000e+00     0.0000000000e+00     8.2917877440e-03
   24.250000     0.0000000000e+00     0.0000000000e+00     8.2032217501e-03
   24.300000     0.0000000000e+00     0.0000000000e+00     7.8068155028e-03
   24.350000     0.0000000000e+00     0.0000000000e+00     7.0963093551e-03
   24.400000     0.0000000000e+00     0.0000000000e+00     6.1416421521e-03
   24.450000     0.0000000000e+00     0.0000000000e+00     5.0640563093e-03
   24.500000     0.0000000000e+00     0.0000000000e+00     4.0060676137e-03
   24.550000     0.0000000000e+00     0.0000000000e+00     3.1077482537e-03
   24.600000     0.0000000000e+00     0.0000000000e+00     2.4967117663e-03
   24.650000     0.0000000000e+00     0.0000000000e+00     2.2926162936e-03
   24.700000     0.0000000000e+00     0.0000000000e+00     2.6203929969e-03
   24.750000     0.0000000000e+00     0.0000000000e+00     3.6220141735e-03
   24.800000     0.0000000000e+00     0.0000000000e+00     5.4559253100e-03
   24.850000     0.0000000000e+00     0.0000000000e+00     8.2768381154e-03
   24.900000     0.0000000000e+00     0.0000000000e+00     1.2195891151e-02
   24.950000     0.0000000000e+00     0.0000000000e+00     1.7230265576e-02
   25.000000     0.0000000000e+00     0.0000000000e+00     2.3258716869e-02
   25.050000     0.0000000000e+00     0.0000000000e+00     3.0001144389e-02
   25.100000     0.0000000000e+00     0.0000000000e+00     3.7033951830e-02
   25.150000     0.0000000000e+00     0.0000000000e+00     4.3840190150e-02
   25.200000     0.0000000000e+00     0.0000000000e+00     4.9880204843e-02
   25.250000     0.0000000000e+00     0.0000000000e+00     5.4661987095e-02
   25.300000     0.0000000000e+00     0.0000000000e+00     5.7794488397e-02
   25.350000     0.0000000000e+00     0.0000000000e+00     5.9018950088e-02
   25.400000     0.0000000000e+00     0.0000000000e+00     5.8224626472e-02
   25.450000     0.0000000000e+00     0.0000000000e+00     5.5458298848e-02
   25.500000     0.0000000000e+00     0.0000000000e+00     5.0930183730e-02
   25.550000     0.0000000000e+00     0.0000000000e+00     4.5008460181e-02
   25.600000     0.0000000000e+00     0.0000000000e+00     3.8189976045e-02
   25.650000     0.0000000000e+00     0.0000000000e+00     3.1040900847e-02
   25.700000     0.0000000000e+00     0.0000000000e+00     2.4115158151e-02
   25.750000     0.0000000000e+00     0.0000000000e+00     1.7871435872e-02
   25.800000     0.0000000000e+00     0.0000000000e+00     1.2613067050e-02
   25.850000     0.0000000000e+00     0.0000000000e+00     8.4669521619e-03
   25.900000     0.0000000000e+00     0.0000000000e+00     5.4028462693e-03
   25.950000     0.0000000000e+00     0.0000000000e+00     3.2807687263e-03
   26.000000     0.0000000000e+00     0.0000000000e+00     1.9079584957e-03
   26.050000     0.0000000000e+00     0.0000000000e+00     1.0887473633e-03
   26.100000     0.0000000000e+00     0.0000000000e+00     6.5781651801e-04
   26.150000     0.0000000000e+00     0.0000000000e+00     4.9504434416e-04
   26.200000     0.0000000000e+00     0.0000000000e+00     5.2536683208e-04
   26.250000     0.0000000000e+00     0.0000000000e+00     7.0895852648e-04
   26.300000     0.0000000000e+00     0.0000000000e+00     1.0266349836e-03
   26.350000     0.0000000000e+00     0.0000000000e+00     1.4642670655e-03
   26.400000     0.0000000000e+00     0.0000000000e+00     1.9992433909e-03
   26.450000     0.0000000000e+00     0.0000000000e+00     2.5917254061e-03
   26.500000     0.0000000000e+00     0.0000000000e+00     3.1830010044e-03
   26.550000     0.0000000000e+00     0.0000000000e+00     3.7019655876e-03
   26.600000     0.0000000000e+00     0.0000000000e+00     4.0785033817e-03
   26.650000     0.0000000000e+00     0.0000000000e+00     4.2599863803e-03
   26.700000     0.0000000000e+00     0.0000000000e+00     4.2254676196e-03
   26.750000     0.0000000000e+00     0.0000000000e+00     3.9924576172e-03
   26.800000     0.0000000000e+00     0.0000000000e+00     3.6135959447e-03
   26.850000     0.0000000000e+00    -0.0000000000e+00     3.1641262052e-03
   26.900000    -0.0000000000e+00    -0.0000000000e+00     2.7242760079e-03
   26.950000    -0.0000000000e+00    -0.0000000000e+00     2.3620799676e-03
   27.000000    -0.0000000000e+00    -0.0000000000e+00     2.1214444944e-03
   27.050000    -0.0000000000e+00    -0.0000000000e+00     2.0179836582e-03
   27.100000    -0.0000000000e+00    -0.0000000000e+00     2.0425833057e-03
   27.150000    -0.0000000000e+00    -0.0000000000e+00     2.1708490600e-03
   27.200000    -0.0000000000e+00    -0.0000000000e+00     2.3759469405e-03
   27.250000    -0.0000000000e+00    -0.0000000000e+00     2.6424799523e-03
   27.300000    -0.0000000000e+00    -0.0000000000e+00     2.9791986960e-03
   27.350000     0.0000000000e+00    -0.0000000000e+00     3.4279418714e-03
   27.400000     0.0000000000e+00    -0.0000000000e+00     4.0653314811e-03
   27.450000     0.0000000000e+00    -0.0000000000e+00     4.9932908404e-03
   27.500000     0.0000000000e+00    -0.0000000000e+00     6.3157179406e-03
   27.550000    -0.0000000000e+00    -0.0000000000e+00     8.1025344418e-03
   27.600000    -0.0000000000e+00    -0.0000000000e+00     1.0348392081e-02
   27.650000    -0.0000000000e+00    -0.0000000000e+00     1.2939284187e-02
   27.700000    -0.0000000000e+00    -0.0000000000e+00     1.5642684948e-02
   27.750000     0.0000000000e+00    -0.0000000000e+00     1.8132653768e-02
   27.800000     0.0000000000e+00    -0.0000000000e+00     2.0050318296e-02
   27.850000     0.0000000000e+00    -0.0000000000e+00     2.1085874848e-02
   27.900000     0.0000000000e+00    -0.0000000000e+00     2.1057146819e-02
   27.950000     0.0000000000e+00    -0.0000000000e+00     1.9957912100e-02
   28.000000     0.0000000000e+00    -0.0000000000e+00     1.7958746065e-02
   28.050000     0.0000000000e+00    -0.0000000000e+00     1.5360390598e-02
   28.100000     0.0000000000e+00    -0.0000000000e+00     1.2516882425e-02
   28.150000     0.0000000000e+00    -0.0000000000e+00     9.7551191199e-03
   28.200000     0.0000000000e+00    -0.0000000000e+00     7.3156547082e-03
   28.250000     0.0000000000e+00    -0.0000000000e+00     5.3284836829e-03
   28.300000     0.0000000000e+00    -0.0000000000e+00     3.8235163040e-03
   28.350000     0.0000000000e+00    -0.0000000000e+00     2.7647200558e-03
   28.400000     0.0000000000e+00    -0.0000000000e+00     2.0928865025e-03
   28.450000     0.0000000000e+00    -0.0000000000e+00     1.7641202541e-03
   28.500000     0.0000000000e+00    -0.0000000000e+00     1.7762348363e-03
   28.550000     0.0000000000e+00    -0.0000000000e+00     2.1797985088e-03
   28.600000     0.0000000000e+00    -0.0000000000e+00     3.0728116804e-03
   28.650000     0.0000000000e+00    -0.0000000000e+00     4.5784941810e-03
   28.700000     0.0000000000e+00    -0.0000000000e+00     6.8066238957e-03
   28.750000     0.0000000000e+00    -0.0000000000e+00     9.8024473233e-03
   28.800000     0.0000000000e+00    -0.0000000000e+00     1.3493641712e-02
   28.850000     0.0000000000e+00    -0.0000000000e+00     1.7652569027e-02
   28.900000     0.0000000000e+00    -0.0000000000e+00     2.1893459738e-02
   28.950000     0.0000000000e+00     0.0000000000e+00     2.5718010575e-02
   29.000000     0.0000000000e+00     0.0000000000e+00     2.8607675057e-02
   29.050000     0.0000000000e+00     0.0000000000e+00     3.0141609994e-02
   29.100000     0.0000000000e+00     0.0000000000e+00     3.0104717397e-02
   29.150000     0.0000000000e+00     0.0000000000e+00     2.8548781786e-02
   29.200000     0.0000000000e+00     0.0000000000e+00     2.5783897455e-02
   29.250000     0.0000000000e+00     0.0000000000e+00     2.2301785275e-02
   29.300000     0.0000000000e+00     0.0000000000e+00     1.8656351215e-02
   29.350000     0.0000000000e+00     0.0000000000e+00     1.5339556692e-02
   29.400000     0.0000000000e+00    -0.0000000000e+00     1.2687971204e-02
   29.450000     0.0000000000e+00    -0.0000000000e+00     1.0840535980e-02
   29.500000     0.0000000000e+00    -0.0000000000e+00     9.7491782558e-03
   29.550000    -0.0000000000e+00    -0.0000000000e+00     9.2289307334e-03
   29.600000    -0.0000000000e+00     0.0000000000e+00     9.0272112270e-03
   29.650000    -0.0000000000e+00     0.0000000000e+00     8.8924924504e-03
   29.700000    -0.0000000000e+00     0.0000000000e+00     8.6277620667e-03
   29.750000     0.0000000000e+00     0.0000000000e+00     8.1208600789e-03
   29.800000     0.0000000000e+00     0.0000000000e+00     7.3501350024e-03
   29.850000     0.0000000000e+00     0.0000000000e+00     6.3691338133e-03
   29.900000     0.0000000000e+00     0.0000000000e+00     5.2778215884e-03
   29.950000     0.0000000000e+00     0.0000000000e+00     4.1896060661e-03
   30.000000     0.0000000000e+00     0.0000000000e+00     3.2028331072e-03
