# Photoabsorption spectrum from real-time propagation
# GPAW version: 19.8.1
# Total time = 19.9920 fs, Time steps = [8.0000] as
# Kick = [0, 0, 0.001]
# Gaussian folding, Width = 0.2123 eV = 0.007802 Hartree <=> FWHM = 0.499928 eV
#    om (eV)                  S_x                  S_y                  S_z
    0.000000     0.0000000000e+00     0.0000000000e+00     0.0000000000e+00
    0.050000     0.0000000000e+00     0.0000000000e+00    -1.8751580642e-10
    0.100000     0.0000000000e+00     0.0000000000e+00    -1.4389649781e-09
    0.150000     0.0000000000e+00     0.0000000000e+00    -5.8072031666e-09
    0.200000     0.0000000000e+00     0.0000000000e+00    -1.6515271998e-08
    0.250000     0.0000000000e+00     0.0000000000e+00    -3.7287844059e-08
    0.300000     0.0000000000e+00     0.0000000000e+00    -7.1114962030e-08
    0.350000     0.0000000000e+00     0.0000000000e+00    -1.1878651375e-07
    0.400000     0.0000000000e+00     0.0000000000e+00    -1.7787757768e-07
    0.450000     0.0000000000e+00     0.0000000000e+00    -2.4283557519e-07
    0.500000     0.0000000000e+00     0.0000000000e+00    -3.0636936071e-07
    0.550000     0.0000000000e+00     0.0000000000e+00    -3.6169045102e-07
    0.600000     0.0000000000e+00     0.0000000000e+00    -4.0469228354e-07
    0.650000     0.0000000000e+00     0.0000000000e+00    -4.3517889214e-07
    0.700000     0.0000000000e+00     0.0000000000e+00    -4.5674582587e-07
    0.750000     0.0000000000e+00     0.0000000000e+00    -4.7552223551e-07
    0.800000     0.0000000000e+00     0.0000000000e+00    -4.9833826489e-07
    0.850000     0.0000000000e+00     0.0000000000e+00    -5.3089655777e-07
    0.900000     0.0000000000e+00     0.0000000000e+00    -5.7633875607e-07
    0.950000     0.0000000000e+00     0.0000000000e+00    -6.3436378898e-07
    1.000000     0.0000000000e+00     0.0000000000e+00    -7.0090583128e-07
    1.050000     0.0000000000e+00     0.0000000000e+00    -7.6843209659e-07
    1.100000     0.0000000000e+00     0.0000000000e+00    -8.2710532193e-07
    1.150000     0.0000000000e+00     0.0000000000e+00    -8.6704403836e-07
    1.200000     0.0000000000e+00     0.0000000000e+00    -8.8147384252e-07
    1.250000     0.0000000000e+00     0.0000000000e+00    -8.6993190527e-07
    1.300000     0.0000000000e+00     0.0000000000e+00    -8.4033701857e-07
    1.350000     0.0000000000e+00     0.0000000000e+00    -8.0886752918e-07
    1.400000     0.0000000000e+00     0.0000000000e+00    -7.9712085522e-07
    1.450000     0.0000000000e+00     0.0000000000e+00    -8.2690983702e-07
    1.500000     0.0000000000e+00     0.0000000000e+00    -9.1411771095e-07
    1.550000     0.0000000000e+00     0.0000000000e+00    -1.0637044672e-06
    1.600000     0.0000000000e+00     0.0000000000e+00    -1.2676693161e-06
    1.650000     0.0000000000e+00     0.0000000000e+00    -1.5067200819e-06
    1.700000     0.0000000000e+00     0.0000000000e+00    -1.7552921505e-06
    1.750000     0.0000000000e+00     0.0000000000e+00    -1.9886962597e-06
    1.800000     0.0000000000e+00     0.0000000000e+00    -2.1904067896e-06
    1.850000     0.0000000000e+00     0.0000000000e+00    -2.3570706902e-06
    1.900000     0.0000000000e+00     0.0000000000e+00    -2.4993397909e-06
    1.950000     0.0000000000e+00     0.0000000000e+00    -2.6380815800e-06
    2.000000     0.0000000000e+00     0.0000000000e+00    -2.7970844864e-06
    2.050000     0.0000000000e+00     0.0000000000e+00    -2.9944834053e-06
    2.100000     0.0000000000e+00     0.0000000000e+00    -3.2357873198e-06
    2.150000     0.0000000000e+00     0.0000000000e+00    -3.5112453732e-06
    2.200000     0.0000000000e+00     0.0000000000e+00    -3.7987092327e-06
    2.250000     0.0000000000e+00     0.0000000000e+00    -4.0706738848e-06
    2.300000     0.0000000000e+00     0.0000000000e+00    -4.3026012661e-06
    2.350000     0.0000000000e+00     0.0000000000e+00    -4.4798830113e-06
    2.400000     0.0000000000e+00     0.0000000000e+00    -4.6018839897e-06
    2.450000     0.0000000000e+00     0.0000000000e+00    -4.6822807285e-06
    2.500000     0.0000000000e+00     0.0000000000e+00    -4.7455661964e-06
    2.550000     0.0000000000e+00     0.0000000000e+00    -4.8205058571e-06
    2.600000     0.0000000000e+00     0.0000000000e+00    -4.9319258629e-06
    2.650000     0.0000000000e+00     0.0000000000e+00    -5.0922702520e-06
    2.700000     0.0000000000e+00     0.0000000000e+00    -5.2948421045e-06
    2.750000     0.0000000000e+00     0.0000000000e+00    -5.5116858502e-06
    2.800000     0.0000000000e+00     0.0000000000e+00    -5.6987704047e-06
    2.850000     0.0000000000e+00     0.0000000000e+00    -5.8082623649e-06
    2.900000     0.0000000000e+00     0.0000000000e+00    -5.8041603877e-06
    2.950000     0.0000000000e+00     0.0000000000e+00    -5.6761258491e-06
    3.000000     0.0000000000e+00     0.0000000000e+00    -5.4470976754e-06
    3.050000     0.0000000000e+00     0.0000000000e+00    -5.1718724966e-06
    3.100000     0.0000000000e+00     0.0000000000e+00    -4.9263108717e-06
    3.150000     0.0000000000e+00     0.0000000000e+00    -4.7903780851e-06
    3.200000     0.0000000000e+00     0.0000000000e+00    -4.8306556576e-06
    3.250000     0.0000000000e+00     0.0000000000e+00    -5.0870559843e-06
    3.300000     0.0000000000e+00     0.0000000000e+00    -5.5657918412e-06
    3.350000     0.0000000000e+00     0.0000000000e+00    -6.2392878552e-06
    3.400000     0.0000000000e+00     0.0000000000e+00    -7.0533219846e-06
    3.450000     0.0000000000e+00     0.0000000000e+00    -7.9396725230e-06
    3.500000     0.0000000000e+00     0.0000000000e+00    -8.8290135820e-06
    3.550000     0.0000000000e+00     0.0000000000e+00    -9.6547379986e-06
    3.600000     0.0000000000e+00     0.0000000000e+00    -1.0327552076e-05
    3.650000     0.0000000000e+00     0.0000000000e+00    -1.0622774724e-05
    3.700000     0.0000000000e+00     0.0000000000e+00    -9.8102825970e-06
    3.750000     0.0000000000e+00     0.0000000000e+00    -5.5578182014e-06
    3.800000     0.0000000000e+00     0.0000000000e+00     9.1027389988e-06
    3.850000     0.0000000000e+00     0.0000000000e+00     5.3629640035e-05
    3.900000     0.0000000000e+00     0.0000000000e+00     1.7891819025e-04
    3.950000     0.0000000000e+00     0.0000000000e+00     5.0966883129e-04
    4.000000     0.0000000000e+00     0.0000000000e+00     1.3317394242e-03
    4.050000     0.0000000000e+00     0.0000000000e+00     3.2570602811e-03
    4.100000     0.0000000000e+00     0.0000000000e+00     7.5058360136e-03
    4.150000     0.0000000000e+00     0.0000000000e+00     1.6336934972e-02
    4.200000     0.0000000000e+00     0.0000000000e+00     3.3614693819e-02
    4.250000     0.0000000000e+00     0.0000000000e+00     6.5407625592e-02
    4.300000     0.0000000000e+00     0.0000000000e+00     1.2037373972e-01
    4.350000     0.0000000000e+00     0.0000000000e+00     2.0953998194e-01
    4.400000     0.0000000000e+00     0.0000000000e+00     3.4502188338e-01
    4.450000     0.0000000000e+00     0.0000000000e+00     5.3737496588e-01
    4.500000     0.0000000000e+00     0.0000000000e+00     7.9170412711e-01
    4.550000     0.0000000000e+00     0.0000000000e+00     1.1033299824e+00
    4.600000     0.0000000000e+00     0.0000000000e+00     1.4544764344e+00
    4.650000     0.0000000000e+00     0.0000000000e+00     1.8137112014e+00
    4.700000     0.0000000000e+00     0.0000000000e+00     2.1393952201e+00
    4.750000     0.0000000000e+00     0.0000000000e+00     2.3871325271e+00
    4.800000     0.0000000000e+00     0.0000000000e+00     2.5195664133e+00
    4.850000     0.0000000000e+00     0.0000000000e+00     2.5155908163e+00
    4.900000     0.0000000000e+00     0.0000000000e+00     2.3758567950e+00
    4.950000    -0.0000000000e+00     0.0000000000e+00     2.1225982404e+00
    5.000000    -0.0000000000e+00     0.0000000000e+00     1.7938409504e+00
    5.050000    -0.0000000000e+00     0.0000000000e+00     1.4340693764e+00
    5.100000    -0.0000000000e+00     0.0000000000e+00     1.0844969027e+00
    5.150000    -0.0000000000e+00     0.0000000000e+00     7.7581975816e-01
    5.200000    -0.0000000000e+00     0.0000000000e+00     5.2501449038e-01
    5.250000    -0.0000000000e+00     0.0000000000e+00     3.3609760051e-01
    5.300000    -0.0000000000e+00     0.0000000000e+00     2.0354161246e-01
    5.350000    -0.0000000000e+00    -0.0000000000e+00     1.1661473793e-01
    5.400000    -0.0000000000e+00    -0.0000000000e+00     6.3212563534e-02
    5.450000    -0.0000000000e+00    -0.0000000000e+00     3.2425095150e-02
    5.500000    -0.0000000000e+00    -0.0000000000e+00     1.5745585747e-02
    5.550000    -0.0000000000e+00    -0.0000000000e+00     7.2448861637e-03
    5.600000    -0.0000000000e+00    -0.0000000000e+00     3.1655656110e-03
    5.650000    -0.0000000000e+00    -0.0000000000e+00     1.3206944046e-03
    5.700000    -0.0000000000e+00    -0.0000000000e+00     5.3358933966e-04
    5.750000    -0.0000000000e+00     0.0000000000e+00     2.1632229440e-04
    5.800000    -0.0000000000e+00     0.0000000000e+00     9.5206072775e-05
    5.850000    -0.0000000000e+00     0.0000000000e+00     5.1238405499e-05
    5.900000    -0.0000000000e+00     0.0000000000e+00     3.5981444156e-05
    5.950000    -0.0000000000e+00     0.0000000000e+00     3.0940890355e-05
    6.000000    -0.0000000000e+00     0.0000000000e+00     2.9498118336e-05
    6.050000    -0.0000000000e+00     0.0000000000e+00     2.9513728616e-05
    6.100000     0.0000000000e+00     0.0000000000e+00     3.0637179270e-05
    6.150000     0.0000000000e+00     0.0000000000e+00     3.3694213779e-05
    6.200000     0.0000000000e+00     0.0000000000e+00     4.1243818349e-05
    6.250000     0.0000000000e+00     0.0000000000e+00     5.9271130376e-05
    6.300000     0.0000000000e+00     0.0000000000e+00     1.0044667211e-04
    6.350000     0.0000000000e+00     0.0000000000e+00     1.8955057136e-04
    6.400000     0.0000000000e+00     0.0000000000e+00     3.7140407267e-04
    6.450000     0.0000000000e+00     0.0000000000e+00     7.2071342655e-04
    6.500000     0.0000000000e+00     0.0000000000e+00     1.3514267750e-03
    6.550000     0.0000000000e+00     0.0000000000e+00     2.4207360906e-03
    6.600000     0.0000000000e+00     0.0000000000e+00     4.1206669647e-03
    6.650000     0.0000000000e+00     0.0000000000e+00     6.6500403311e-03
    6.700000     0.0000000000e+00     0.0000000000e+00     1.0163424209e-02
    6.750000     0.0000000000e+00     0.0000000000e+00     1.4702355465e-02
    6.800000     0.0000000000e+00     0.0000000000e+00     2.0125789804e-02
    6.850000     0.0000000000e+00     0.0000000000e+00     2.6066428362e-02
    6.900000     0.0000000000e+00     0.0000000000e+00     3.1940626322e-02
    6.950000     0.0000000000e+00     0.0000000000e+00     3.7027409706e-02
    7.000000     0.0000000000e+00     0.0000000000e+00     4.0608175073e-02
    7.050000    -0.0000000000e+00    -0.0000000000e+00     4.2131843711e-02
    7.100000    -0.0000000000e+00    -0.0000000000e+00     4.1353645689e-02
    7.150000    -0.0000000000e+00    -0.0000000000e+00     3.8399478409e-02
    7.200000    -0.0000000000e+00    -0.0000000000e+00     3.3732565975e-02
    7.250000    -0.0000000000e+00    -0.0000000000e+00     2.8034558129e-02
    7.300000    -0.0000000000e+00    -0.0000000000e+00     2.2043040057e-02
    7.350000    -0.0000000000e+00    -0.0000000000e+00     1.6398543203e-02
    7.400000    -0.0000000000e+00    -0.0000000000e+00     1.1543436989e-02
    7.450000    -0.0000000000e+00    -0.0000000000e+00     7.6901616326e-03
    7.500000    -0.0000000000e+00    -0.0000000000e+00     4.8500991905e-03
    7.550000     0.0000000000e+00    -0.0000000000e+00     2.8978336420e-03
    7.600000     0.0000000000e+00    -0.0000000000e+00     1.6425680664e-03
    7.650000     0.0000000000e+00     0.0000000000e+00     8.8605157583e-04
    7.700000     0.0000000000e+00     0.0000000000e+00     4.5807419223e-04
    7.750000     0.0000000000e+00     0.0000000000e+00     2.3058884679e-04
    7.800000     0.0000000000e+00     0.0000000000e+00     1.1693957757e-04
    7.850000     0.0000000000e+00     0.0000000000e+00     6.3633254045e-05
    7.900000     0.0000000000e+00     0.0000000000e+00     4.0354879353e-05
    7.950000     0.0000000000e+00     0.0000000000e+00     3.1413760573e-05
    8.000000     0.0000000000e+00     0.0000000000e+00     2.9742092046e-05
    8.050000     0.0000000000e+00     0.0000000000e+00     3.3356045083e-05
    8.100000     0.0000000000e+00     0.0000000000e+00     4.3709085334e-05
    8.150000     0.0000000000e+00     0.0000000000e+00     6.5297534243e-05
    8.200000     0.0000000000e+00     0.0000000000e+00     1.0592289765e-04
    8.250000     0.0000000000e+00     0.0000000000e+00     1.7700755636e-04
    8.300000     0.0000000000e+00     0.0000000000e+00     2.9328922028e-04
    8.350000     0.0000000000e+00     0.0000000000e+00     4.7120053657e-04
    8.400000     0.0000000000e+00     0.0000000000e+00     7.2544757283e-04
    8.450000     0.0000000000e+00     0.0000000000e+00     1.0638682976e-03
    8.500000     0.0000000000e+00     0.0000000000e+00     1.4815478000e-03
    8.550000     0.0000000000e+00     0.0000000000e+00     1.9560958663e-03
    8.600000     0.0000000000e+00     0.0000000000e+00     2.4464372342e-03
    8.650000     0.0000000000e+00     0.0000000000e+00     2.8969316850e-03
    8.700000     0.0000000000e+00     0.0000000000e+00     3.2470171998e-03
    8.750000     0.0000000000e+00     0.0000000000e+00     3.4443506194e-03
    8.800000     0.0000000000e+00     0.0000000000e+00     3.4575938912e-03
    8.850000     0.0000000000e+00     0.0000000000e+00     3.2845615007e-03
    8.900000     0.0000000000e+00     0.0000000000e+00     2.9528269932e-03
    8.950000     0.0000000000e+00     0.0000000000e+00     2.5125918800e-03
    9.000000     0.0000000000e+00     0.0000000000e+00     2.0244436308e-03
    9.050000     0.0000000000e+00     0.0000000000e+00     1.5463099979e-03
    9.100000     0.0000000000e+00     0.0000000000e+00     1.1238384218e-03
    9.150000     0.0000000000e+00     0.0000000000e+00     7.8690013921e-04
    9.200000     0.0000000000e+00     0.0000000000e+00     5.5287404826e-04
    9.250000     0.0000000000e+00     0.0000000000e+00     4.3573481120e-04
    9.300000     0.0000000000e+00     0.0000000000e+00     4.5912996912e-04
    9.350000     0.0000000000e+00     0.0000000000e+00     6.7125255408e-04
    9.400000     0.0000000000e+00     0.0000000000e+00     1.1586678340e-03
    9.450000     0.0000000000e+00     0.0000000000e+00     2.0548185735e-03
    9.500000     0.0000000000e+00     0.0000000000e+00     3.5370432365e-03
    9.550000     0.0000000000e+00     0.0000000000e+00     5.8050495482e-03
    9.600000     0.0000000000e+00     0.0000000000e+00     9.0360378934e-03
    9.650000     0.0000000000e+00     0.0000000000e+00     1.3318654264e-02
    9.700000     0.0000000000e+00     0.0000000000e+00     1.8579025559e-02
    9.750000     0.0000000000e+00     0.0000000000e+00     2.4523322557e-02
    9.800000     0.0000000000e+00     0.0000000000e+00     3.0626080611e-02
    9.850000     0.0000000000e+00     0.0000000000e+00     3.6185944543e-02
    9.900000     0.0000000000e+00     0.0000000000e+00     4.0449567187e-02
    9.950000     0.0000000000e+00     0.0000000000e+00     4.2776659181e-02
   10.000000     0.0000000000e+00     0.0000000000e+00     4.2797187669e-02
   10.050000     0.0000000000e+00     0.0000000000e+00     4.0507724380e-02
   10.100000     0.0000000000e+00     0.0000000000e+00     3.6272492216e-02
   10.150000     0.0000000000e+00     0.0000000000e+00     3.0728807231e-02
   10.200000    -0.0000000000e+00     0.0000000000e+00     2.4630947100e-02
   10.250000    -0.0000000000e+00    -0.0000000000e+00     1.8685477391e-02
   10.300000    -0.0000000000e+00    -0.0000000000e+00     1.3427529748e-02
   10.350000    -0.0000000000e+00    -0.0000000000e+00     9.1657302040e-03
   10.400000    -0.0000000000e+00    -0.0000000000e+00     5.9955249279e-03
   10.450000    -0.0000000000e+00    -0.0000000000e+00     3.8590434443e-03
   10.500000     0.0000000000e+00    -0.0000000000e+00     2.6210880192e-03
   10.550000     0.0000000000e+00     0.0000000000e+00     2.1346439383e-03
   10.600000     0.0000000000e+00     0.0000000000e+00     2.2800521022e-03
   10.650000     0.0000000000e+00     0.0000000000e+00     2.9737635122e-03
   10.700000     0.0000000000e+00     0.0000000000e+00     4.1518600641e-03
   10.750000     0.0000000000e+00     0.0000000000e+00     5.7394039210e-03
   10.800000     0.0000000000e+00     0.0000000000e+00     7.6195016231e-03
   10.850000     0.0000000000e+00     0.0000000000e+00     9.6157579127e-03
   10.900000     0.0000000000e+00     0.0000000000e+00     1.1497979373e-02
   10.950000     0.0000000000e+00     0.0000000000e+00     1.3013454594e-02
   11.000000     0.0000000000e+00     0.0000000000e+00     1.3936505506e-02
   11.050000     0.0000000000e+00     0.0000000000e+00     1.4120805488e-02
   11.100000     0.0000000000e+00     0.0000000000e+00     1.3536162452e-02
   11.150000     0.0000000000e+00     0.0000000000e+00     1.2276109903e-02
   11.200000     0.0000000000e+00     0.0000000000e+00     1.0533219084e-02
   11.250000     0.0000000000e+00     0.0000000000e+00     8.5508923814e-03
   11.300000     0.0000000000e+00     0.0000000000e+00     6.5681699905e-03
   11.350000     0.0000000000e+00     0.0000000000e+00     4.7746474807e-03
   11.400000     0.0000000000e+00     0.0000000000e+00     3.2865857874e-03
   11.450000     0.0000000000e+00     0.0000000000e+00     2.1463377536e-03
   11.500000     0.0000000000e+00     0.0000000000e+00     1.3396565331e-03
   11.550000     0.0000000000e+00     0.0000000000e+00     8.2203961095e-04
   11.600000     0.0000000000e+00     0.0000000000e+00     5.4617335764e-04
   11.650000     0.0000000000e+00     0.0000000000e+00     4.8591473906e-04
   11.700000     0.0000000000e+00     0.0000000000e+00     6.5553416439e-04
   11.750000     0.0000000000e+00     0.0000000000e+00     1.1242015120e-03
   11.800000     0.0000000000e+00     0.0000000000e+00     2.0243037722e-03
   11.850000     0.0000000000e+00     0.0000000000e+00     3.5490133232e-03
   11.900000     0.0000000000e+00     0.0000000000e+00     5.9317622933e-03
   11.950000     0.0000000000e+00     0.0000000000e+00     9.4008189259e-03
   12.000000     0.0000000000e+00     0.0000000000e+00     1.4108405720e-02
   12.050000     0.0000000000e+00     0.0000000000e+00     2.0045852109e-02
   12.100000    -0.0000000000e+00    -0.0000000000e+00     2.6970401468e-02
   12.150000    -0.0000000000e+00    -0.0000000000e+00     3.4378088764e-02
   12.200000    -0.0000000000e+00    -0.0000000000e+00     4.1552462272e-02
   12.250000    -0.0000000000e+00    -0.0000000000e+00     4.7697122922e-02
   12.300000    -0.0000000000e+00    -0.0000000000e+00     5.2126175847e-02
   12.350000    -0.0000000000e+00    -0.0000000000e+00     5.4454726518e-02
   12.400000    -0.0000000000e+00    -0.0000000000e+00     5.4718611195e-02
   12.450000    -0.0000000000e+00    -0.0000000000e+00     5.3369403462e-02
   12.500000    -0.0000000000e+00    -0.0000000000e+00     5.1134318846e-02
   12.550000     0.0000000000e+00     0.0000000000e+00     4.8783668217e-02
   12.600000     0.0000000000e+00     0.0000000000e+00     4.6887311160e-02
   12.650000     0.0000000000e+00     0.0000000000e+00     4.5647908483e-02
   12.700000     0.0000000000e+00     0.0000000000e+00     4.4869126846e-02
   12.750000     0.0000000000e+00     0.0000000000e+00     4.4064149939e-02
   12.800000     0.0000000000e+00     0.0000000000e+00     4.2656783692e-02
   12.850000     0.0000000000e+00     0.0000000000e+00     4.0196236131e-02
   12.900000     0.0000000000e+00     0.0000000000e+00     3.6508778329e-02
   12.950000     0.0000000000e+00     0.0000000000e+00     3.1741272575e-02
   13.000000     0.0000000000e+00     0.0000000000e+00     2.6296870462e-02
   13.050000     0.0000000000e+00     0.0000000000e+00     2.0701807881e-02
   13.100000     0.0000000000e+00     0.0000000000e+00     1.5459442504e-02
   13.150000     0.0000000000e+00     0.0000000000e+00     1.0940330518e-02
   13.200000     0.0000000000e+00     0.0000000000e+00     7.3332675215e-03
   13.250000     0.0000000000e+00     0.0000000000e+00     4.6552672845e-03
   13.300000     0.0000000000e+00     0.0000000000e+00     2.7998851101e-03
   13.350000     0.0000000000e+00     0.0000000000e+00     1.5978413637e-03
   13.400000     0.0000000000e+00     0.0000000000e+00     8.6934662275e-04
   13.450000     0.0000000000e+00     0.0000000000e+00     4.5791772702e-04
   13.500000     0.0000000000e+00     0.0000000000e+00     2.4505228584e-04
   13.550000    -0.0000000000e+00    -0.0000000000e+00     1.5076848842e-04
   13.600000    -0.0000000000e+00    -0.0000000000e+00     1.2647453288e-04
   13.650000    -0.0000000000e+00    -0.0000000000e+00     1.4539931979e-04
   13.700000    -0.0000000000e+00    -0.0000000000e+00     1.9370400817e-04
   13.750000    -0.0000000000e+00    -0.0000000000e+00     2.6363268013e-04
   13.800000    -0.0000000000e+00    -0.0000000000e+00     3.4908542718e-04
   13.850000     0.0000000000e+00    -0.0000000000e+00     4.4367948969e-04
   13.900000     0.0000000000e+00    -0.0000000000e+00     5.4135191423e-04
   13.950000     0.0000000000e+00     0.0000000000e+00     6.3952829518e-04
   14.000000     0.0000000000e+00     0.0000000000e+00     7.4465366652e-04
   14.050000     0.0000000000e+00     0.0000000000e+00     8.7940117093e-04
   14.100000     0.0000000000e+00     0.0000000000e+00     1.0901505665e-03
   14.150000     0.0000000000e+00     0.0000000000e+00     1.4523996588e-03
   14.200000     0.0000000000e+00     0.0000000000e+00     2.0707997331e-03
   14.250000     0.0000000000e+00     0.0000000000e+00     3.0699684076e-03
   14.300000     0.0000000000e+00     0.0000000000e+00     4.5729925958e-03
   14.350000     0.0000000000e+00     0.0000000000e+00     6.6675171667e-03
   14.400000     0.0000000000e+00     0.0000000000e+00     9.3647409432e-03
   14.450000     0.0000000000e+00     0.0000000000e+00     1.2563169037e-02
   14.500000     0.0000000000e+00     0.0000000000e+00     1.6033490390e-02
   14.550000     0.0000000000e+00     0.0000000000e+00     1.9439668164e-02
   14.600000     0.0000000000e+00     0.0000000000e+00     2.2402022493e-02
   14.650000     0.0000000000e+00     0.0000000000e+00     2.4592319965e-02
   14.700000     0.0000000000e+00     0.0000000000e+00     2.5834511835e-02
   14.750000     0.0000000000e+00     0.0000000000e+00     2.6175704825e-02
   14.800000     0.0000000000e+00     0.0000000000e+00     2.5896143337e-02
   14.850000     0.0000000000e+00     0.0000000000e+00     2.5444841736e-02
   14.900000     0.0000000000e+00     0.0000000000e+00     2.5313133983e-02
   14.950000     0.0000000000e+00     0.0000000000e+00     2.5882091028e-02
   15.000000     0.0000000000e+00     0.0000000000e+00     2.7292191629e-02
   15.050000     0.0000000000e+00     0.0000000000e+00     2.9379621598e-02
   15.100000     0.0000000000e+00     0.0000000000e+00     3.1703754390e-02
   15.150000     0.0000000000e+00     0.0000000000e+00     3.3660901514e-02
   15.200000     0.0000000000e+00     0.0000000000e+00     3.4650224781e-02
   15.250000     0.0000000000e+00     0.0000000000e+00     3.4239431526e-02
   15.300000     0.0000000000e+00     0.0000000000e+00     3.2278024558e-02
   15.350000     0.0000000000e+00     0.0000000000e+00     2.8925132835e-02
   15.400000     0.0000000000e+00     0.0000000000e+00     2.4589916873e-02
   15.450000     0.0000000000e+00     0.0000000000e+00     1.9812500249e-02
   15.500000     0.0000000000e+00     0.0000000000e+00     1.5130232298e-02
   15.550000     0.0000000000e+00     0.0000000000e+00     1.0972300422e-02
   15.600000     0.0000000000e+00     0.0000000000e+00     7.6085610083e-03
   15.650000    -0.0000000000e+00     0.0000000000e+00     5.1553702956e-03
   15.700000    -0.0000000000e+00     0.0000000000e+00     3.6221641059e-03
   15.750000    -0.0000000000e+00     0.0000000000e+00     2.9733173646e-03
   15.800000    -0.0000000000e+00    -0.0000000000e+00     3.1805495557e-03
   15.850000    -0.0000000000e+00    -0.0000000000e+00     4.2483740406e-03
   15.900000    -0.0000000000e+00    -0.0000000000e+00     6.2050120471e-03
   15.950000     0.0000000000e+00    -0.0000000000e+00     9.0616314241e-03
   16.000000     0.0000000000e+00    -0.0000000000e+00     1.2752853907e-02
   16.050000     0.0000000000e+00    -0.0000000000e+00     1.7079895567e-02
   16.100000     0.0000000000e+00    -0.0000000000e+00     2.1681541053e-02
   16.150000     0.0000000000e+00    -0.0000000000e+00     2.6053753070e-02
   16.200000     0.0000000000e+00    -0.0000000000e+00     2.9624501488e-02
   16.250000     0.0000000000e+00    -0.0000000000e+00     3.1869593118e-02
   16.300000     0.0000000000e+00    -0.0000000000e+00     3.2436113666e-02
   16.350000     0.0000000000e+00    -0.0000000000e+00     3.1232248345e-02
   16.400000     0.0000000000e+00    -0.0000000000e+00     2.8451280610e-02
   16.450000    -0.0000000000e+00    -0.0000000000e+00     2.4520841092e-02
   16.500000    -0.0000000000e+00    -0.0000000000e+00     1.9995785751e-02
   16.550000    -0.0000000000e+00    -0.0000000000e+00     1.5432021409e-02
   16.600000    -0.0000000000e+00    -0.0000000000e+00     1.1281361769e-02
   16.650000    -0.0000000000e+00    -0.0000000000e+00     7.8347347471e-03
   16.700000    -0.0000000000e+00     0.0000000000e+00     5.2205613423e-03
   16.750000    -0.0000000000e+00     0.0000000000e+00     3.4466733899e-03
   16.800000     0.0000000000e+00     0.0000000000e+00     2.4641720463e-03
   16.850000     0.0000000000e+00     0.0000000000e+00     2.2308964212e-03
   16.900000     0.0000000000e+00     0.0000000000e+00     2.7571342001e-03
   16.950000     0.0000000000e+00     0.0000000000e+00     4.1225300686e-03
   17.000000     0.0000000000e+00     0.0000000000e+00     6.4587068270e-03
   17.050000     0.0000000000e+00     0.0000000000e+00     9.8977365075e-03
   17.100000     0.0000000000e+00     0.0000000000e+00     1.4494385711e-02
   17.150000     0.0000000000e+00     0.0000000000e+00     2.0140521008e-02
   17.200000     0.0000000000e+00     0.0000000000e+00     2.6500049281e-02
   17.250000     0.0000000000e+00     0.0000000000e+00     3.2995971188e-02
   17.300000     0.0000000000e+00     0.0000000000e+00     3.8871552775e-02
   17.350000     0.0000000000e+00     0.0000000000e+00     4.3324438352e-02
   17.400000     0.0000000000e+00     0.0000000000e+00     4.5682963311e-02
   17.450000     0.0000000000e+00     0.0000000000e+00     4.5571339214e-02
   17.500000     0.0000000000e+00     0.0000000000e+00     4.3007507188e-02
   17.550000     0.0000000000e+00     0.0000000000e+00     3.8398494469e-02
   17.600000     0.0000000000e+00     0.0000000000e+00     3.2435042727e-02
   17.650000    -0.0000000000e+00    -0.0000000000e+00     2.5923451480e-02
   17.700000    -0.0000000000e+00    -0.0000000000e+00     1.9611767264e-02
   17.750000    -0.0000000000e+00    -0.0000000000e+00     1.4062631450e-02
   17.800000    -0.0000000000e+00    -0.0000000000e+00     9.6014154268e-03
   17.850000    -0.0000000000e+00    -0.0000000000e+00     6.3387403788e-03
   17.900000    -0.0000000000e+00    -0.0000000000e+00     4.2439707467e-03
   17.950000    -0.0000000000e+00    -0.0000000000e+00     3.2371318257e-03
   18.000000    -0.0000000000e+00    -0.0000000000e+00     3.2694625404e-03
   18.050000    -0.0000000000e+00    -0.0000000000e+00     4.3715964897e-03
   18.100000    -0.0000000000e+00     0.0000000000e+00     6.6578465819e-03
   18.150000     0.0000000000e+00     0.0000000000e+00     1.0283612318e-02
   18.200000     0.0000000000e+00     0.0000000000e+00     1.5362224419e-02
   18.250000     0.0000000000e+00     0.0000000000e+00     2.1859457691e-02
   18.300000     0.0000000000e+00     0.0000000000e+00     2.9496955329e-02
   18.350000     0.0000000000e+00     0.0000000000e+00     3.7703772248e-02
   18.400000     0.0000000000e+00     0.0000000000e+00     4.5650097223e-02
   18.450000     0.0000000000e+00     0.0000000000e+00     5.2374691329e-02
   18.500000     0.0000000000e+00     0.0000000000e+00     5.6982467950e-02
   18.550000     0.0000000000e+00     0.0000000000e+00     5.8855233968e-02
   18.600000     0.0000000000e+00     0.0000000000e+00     5.7804460008e-02
   18.650000     0.0000000000e+00     0.0000000000e+00     5.4110591634e-02
   18.700000     0.0000000000e+00     0.0000000000e+00     4.8434626545e-02
   18.750000     0.0000000000e+00     0.0000000000e+00     4.1636110727e-02
   18.800000     0.0000000000e+00     0.0000000000e+00     3.4564503731e-02
   18.850000     0.0000000000e+00     0.0000000000e+00     2.7893522261e-02
   18.900000     0.0000000000e+00     0.0000000000e+00     2.2042153447e-02
   18.950000     0.0000000000e+00     0.0000000000e+00     1.7187026803e-02
   19.000000     0.0000000000e+00     0.0000000000e+00     1.3338186122e-02
   19.050000     0.0000000000e+00     0.0000000000e+00     1.0436518890e-02
   19.100000     0.0000000000e+00     0.0000000000e+00     8.4366520040e-03
   19.150000     0.0000000000e+00     0.0000000000e+00     7.3551262412e-03
   19.200000     0.0000000000e+00     0.0000000000e+00     7.2792355431e-03
   19.250000     0.0000000000e+00     0.0000000000e+00     8.3408662619e-03
   19.300000     0.0000000000e+00     0.0000000000e+00     1.0662696519e-02
   19.350000     0.0000000000e+00     0.0000000000e+00     1.4286143389e-02
   19.400000     0.0000000000e+00     0.0000000000e+00     1.9095586783e-02
   19.450000     0.0000000000e+00     0.0000000000e+00     2.4761015025e-02
   19.500000     0.0000000000e+00     0.0000000000e+00     3.0725643826e-02
   19.550000     0.0000000000e+00     0.0000000000e+00     3.6259219922e-02
   19.600000     0.0000000000e+00     0.0000000000e+00     4.0578813617e-02
   19.650000     0.0000000000e+00     0.0000000000e+00     4.3012122021e-02
   19.700000     0.0000000000e+00     0.0000000000e+00     4.3155747762e-02
   19.750000     0.0000000000e+00     0.0000000000e+00     4.0975364338e-02
   19.800000     0.0000000000e+00     0.0000000000e+00     3.6811666128e-02
   19.850000     0.0000000000e+00     0.0000000000e+00     3.1289461657e-02
   19.900000     0.0000000000e+00     0.0000000000e+00     2.5162095783e-02
   19.950000     0.0000000000e+00     0.0000000000e+00     1.9143687617e-02
   20.000000     0.0000000000e+00     0.0000000000e+00     1.3779489281e-02
   20.050000     0.0000000000e+00     0.0000000000e+00     9.3836438063e-03
   20.100000     0.0000000000e+00     0.0000000000e+00     6.0457009030e-03
   20.150000     0.0000000000e+00     0.0000000000e+00     3.6852923361e-03
   20.200000     0.0000000000e+00     0.0000000000e+00     2.1256241749e-03
   20.250000     0.0000000000e+00    -0.0000000000e+00     1.1604816835e-03
   20.300000     0.0000000000e+00    -0.0000000000e+00     6.0056664375e-04
   20.350000     0.0000000000e+00     0.0000000000e+00     2.9652962135e-04
   20.400000     0.0000000000e+00     0.0000000000e+00     1.4369106717e-04
   20.450000     0.0000000000e+00     0.0000000000e+00     7.6136125273e-05
   20.500000     0.0000000000e+00     0.0000000000e+00     5.6933482849e-05
   20.550000     0.0000000000e+00     0.0000000000e+00     6.8722617512e-05
   20.600000     0.0000000000e+00     0.0000000000e+00     1.0644610192e-04
   20.650000     0.0000000000e+00     0.0000000000e+00     1.7233978535e-04
   20.700000     0.0000000000e+00     0.0000000000e+00     2.7252104206e-04
   20.750000     0.0000000000e+00     0.0000000000e+00     4.1438770764e-04
   20.800000     0.0000000000e+00     0.0000000000e+00     6.0425202691e-04
   20.850000     0.0000000000e+00     0.0000000000e+00     8.4495925298e-04
   20.900000     0.0000000000e+00     0.0000000000e+00     1.1335660506e-03
   20.950000     0.0000000000e+00     0.0000000000e+00     1.4594434919e-03
   21.000000     0.0000000000e+00     0.0000000000e+00     1.8034030599e-03
   21.050000     0.0000000000e+00     0.0000000000e+00     2.1385677503e-03
   21.100000     0.0000000000e+00     0.0000000000e+00     2.4336255807e-03
   21.150000     0.0000000000e+00     0.0000000000e+00     2.6587097859e-03
   21.200000     0.0000000000e+00     0.0000000000e+00     2.7934363296e-03
   21.250000    -0.0000000000e+00     0.0000000000e+00     2.8357475033e-03
   21.300000    -0.0000000000e+00     0.0000000000e+00     2.8094565543e-03
   21.350000    -0.0000000000e+00     0.0000000000e+00     2.7680594790e-03
   21.400000    -0.0000000000e+00     0.0000000000e+00     2.7926164088e-03
   21.450000    -0.0000000000e+00     0.0000000000e+00     2.9822733994e-03
   21.500000     0.0000000000e+00     0.0000000000e+00     3.4372362617e-03
   21.550000     0.0000000000e+00    -0.0000000000e+00     4.2357583648e-03
   21.600000     0.0000000000e+00    -0.0000000000e+00     5.4089712856e-03
   21.650000     0.0000000000e+00    -0.0000000000e+00     6.9197740538e-03
   21.700000     0.0000000000e+00    -0.0000000000e+00     8.6534223857e-03
   21.750000     0.0000000000e+00    -0.0000000000e+00     1.0426431043e-02
   21.800000     0.0000000000e+00    -0.0000000000e+00     1.2015976456e-02
   21.850000     0.0000000000e+00     0.0000000000e+00     1.3204902977e-02
   21.900000     0.0000000000e+00     0.0000000000e+00     1.3830467135e-02
   21.950000     0.0000000000e+00     0.0000000000e+00     1.3821801779e-02
   22.000000     0.0000000000e+00     0.0000000000e+00     1.3214191748e-02
   22.050000     0.0000000000e+00     0.0000000000e+00     1.2136940814e-02
   22.100000     0.0000000000e+00     0.0000000000e+00     1.0781957458e-02
   22.150000     0.0000000000e+00     0.0000000000e+00     9.3670360933e-03
   22.200000     0.0000000000e+00     0.0000000000e+00     8.1076794752e-03
   22.250000     0.0000000000e+00     0.0000000000e+00     7.2043712056e-03
   22.300000     0.0000000000e+00     0.0000000000e+00     6.8421374447e-03
   22.350000     0.0000000000e+00     0.0000000000e+00     7.1911883869e-03
   22.400000     0.0000000000e+00     0.0000000000e+00     8.3955074054e-03
   22.450000     0.0000000000e+00     0.0000000000e+00     1.0541796967e-02
   22.500000     0.0000000000e+00     0.0000000000e+00     1.3612335741e-02
   22.550000     0.0000000000e+00     0.0000000000e+00     1.7437590629e-02
   22.600000     0.0000000000e+00     0.0000000000e+00     2.1672127618e-02
   22.650000     0.0000000000e+00     0.0000000000e+00     2.5815515649e-02
   22.700000     0.0000000000e+00     0.0000000000e+00     2.9286868980e-02
   22.750000     0.0000000000e+00     0.0000000000e+00     3.1541026529e-02
   22.800000     0.0000000000e+00     0.0000000000e+00     3.2194621929e-02
   22.850000     0.0000000000e+00     0.0000000000e+00     3.1121344802e-02
   22.900000     0.0000000000e+00     0.0000000000e+00     2.8483433117e-02
   22.950000     0.0000000000e+00     0.0000000000e+00     2.4688753814e-02
   23.000000     0.0000000000e+00     0.0000000000e+00     2.0289919396e-02
   23.050000     0.0000000000e+00     0.0000000000e+00     1.5861280756e-02
   23.100000     0.0000000000e+00     0.0000000000e+00     1.1892972443e-02
   23.150000     0.0000000000e+00     0.0000000000e+00     8.7284972202e-03
   23.200000     0.0000000000e+00     0.0000000000e+00     6.5513124454e-03
   23.250000     0.0000000000e+00     0.0000000000e+00     5.4070471158e-03
   23.300000     0.0000000000e+00     0.0000000000e+00     5.2391158492e-03
   23.350000     0.0000000000e+00     0.0000000000e+00     5.9184723415e-03
   23.400000     0.0000000000e+00     0.0000000000e+00     7.2593183117e-03
   23.450000     0.0000000000e+00     0.0000000000e+00     9.0251163061e-03
   23.500000     0.0000000000e+00     0.0000000000e+00     1.0937003811e-02
   23.550000     0.0000000000e+00     0.0000000000e+00     1.2696326965e-02
   23.600000     0.0000000000e+00     0.0000000000e+00     1.4025151299e-02
   23.650000     0.0000000000e+00     0.0000000000e+00     1.4717426410e-02
   23.700000     0.0000000000e+00     0.0000000000e+00     1.4684742718e-02
   23.750000     0.0000000000e+00     0.0000000000e+00     1.3978949165e-02
   23.800000     0.0000000000e+00     0.0000000000e+00     1.2780466072e-02
   23.850000     0.0000000000e+00     0.0000000000e+00     1.1353022458e-02
   23.900000     0.0000000000e+00     0.0000000000e+00     9.9773899865e-03
   23.950000     0.0000000000e+00     0.0000000000e+00     8.8834977457e-03
   24.000000     0.0000000000e+00     0.0000000000e+00     8.1998983818e-03
   24.050000     0.0000000000e+00     0.0000000000e+00     7.9330325393e-03
   24.100000     0.0000000000e+00     0.0000000000e+00     7.9792541478e-03
   24.150000     0.0000000000e+00     0.0000000000e+00     8.1634636248e-03
   24.200000     0.0000000000e+00     0.0000000000e+00     8.2917875689e-03
   24.250000     0.0000000000e+00     0.0000000000e+00     8.2032217293e-03
   24.300000     0.0000000000e+00     0.0000000000e+00     7.8068156760e-03
   24.350000     0.0000000000e+00     0.0000000000e+00     7.0963093937e-03
   24.400000     0.0000000000e+00     0.0000000000e+00     6.1416419826e-03
   24.450000     0.0000000000e+00     0.0000000000e+00     5.0640562533e-03
   24.500000     0.0000000000e+00     0.0000000000e+00     4.0060677778e-03
   24.550000     0.0000000000e+00     0.0000000000e+00     3.1077483265e-03
   24.600000     0.0000000000e+00     0.0000000000e+00     2.4967116094e-03
   24.650000     0.0000000000e+00     0.0000000000e+00     2.2926162047e-03
   24.700000     0.0000000000e+00     0.0000000000e+00     2.6203931450e-03
   24.750000     0.0000000000e+00     0.0000000000e+00     3.6220142776e-03
   24.800000     0.0000000000e+00     0.0000000000e+00     5.4559251722e-03
   24.850000     0.0000000000e+00     0.0000000000e+00     8.2768379972e-03
   24.900000     0.0000000000e+00     0.0000000000e+00     1.2195891277e-02
   24.950000     0.0000000000e+00     0.0000000000e+00     1.7230265708e-02
   25.000000     0.0000000000e+00     0.0000000000e+00     2.3258716757e-02
   25.050000     0.0000000000e+00     0.0000000000e+00     3.0001144246e-02
   25.100000     0.0000000000e+00     0.0000000000e+00     3.7033951929e-02
   25.150000     0.0000000000e+00     0.0000000000e+00     4.3840190303e-02
   25.200000     0.0000000000e+00     0.0000000000e+00     4.9880204759e-02
   25.250000     0.0000000000e+00     0.0000000000e+00     5.4661986934e-02
   25.300000     0.0000000000e+00     0.0000000000e+00     5.7794488464e-02
   25.350000     0.0000000000e+00     0.0000000000e+00     5.9018950256e-02
   25.400000     0.0000000000e+00     0.0000000000e+00     5.8224626422e-02
   25.450000     0.0000000000e+00     0.0000000000e+00     5.5458298675e-02
   25.500000     0.0000000000e+00     0.0000000000e+00     5.0930183762e-02
   25.550000     0.0000000000e+00     0.0000000000e+00     4.5008460358e-02
   25.600000     0.0000000000e+00     0.0000000000e+00     3.8189976030e-02
   25.650000     0.0000000000e+00     0.0000000000e+00     3.1040900669e-02
   25.700000     0.0000000000e+00     0.0000000000e+00     2.4115158148e-02
   25.750000     0.0000000000e+00     0.0000000000e+00     1.7871436050e-02
   25.800000     0.0000000000e+00     0.0000000000e+00     1.2613067071e-02
   25.850000     0.0000000000e+00     0.0000000000e+00     8.4669519865e-03
   25.900000     0.0000000000e+00     0.0000000000e+00     5.4028462309e-03
   25.950000     0.0000000000e+00     0.0000000000e+00     3.2807688976e-03
   26.000000     0.0000000000e+00     0.0000000000e+00     1.9079585514e-03
   26.050000     0.0000000000e+00     0.0000000000e+00     1.0887471977e-03
   26.100000     0.0000000000e+00     0.0000000000e+00     6.5781644572e-04
   26.150000     0.0000000000e+00     0.0000000000e+00     4.9504450228e-04
   26.200000     0.0000000000e+00     0.0000000000e+00     5.2536692024e-04
   26.250000     0.0000000000e+00     0.0000000000e+00     7.0895837746e-04
   26.300000     0.0000000000e+00     0.0000000000e+00     1.0266348805e-03
   26.350000     0.0000000000e+00     0.0000000000e+00     1.4642672039e-03
   26.400000     0.0000000000e+00     0.0000000000e+00     1.9992435078e-03
   26.450000     0.0000000000e+00     0.0000000000e+00     2.5917252797e-03
   26.500000     0.0000000000e+00     0.0000000000e+00     3.1830008748e-03
   26.550000     0.0000000000e+00     0.0000000000e+00     3.7019657007e-03
   26.600000     0.0000000000e+00     0.0000000000e+00     4.0785035225e-03
   26.650000     0.0000000000e+00     0.0000000000e+00     4.2599862816e-03
   26.700000     0.0000000000e+00     0.0000000000e+00     4.2254674691e-03
   26.750000     0.0000000000e+00     0.0000000000e+00     3.9924577004e-03
   26.800000     0.0000000000e+00     0.0000000000e+00     3.6135961034e-03
   26.850000     0.0000000000e+00    -0.0000000000e+00     3.1641261382e-03
   26.900000    -0.0000000000e+00    -0.0000000000e+00     2.7242758427e-03
   26.950000    -0.0000000000e+00    -0.0000000000e+00     2.3620800176e-03
   27.000000    -0.0000000000e+00    -0.0000000000e+00     2.1214446644e-03
   27.050000    -0.0000000000e+00    -0.0000000000e+00     2.0179836256e-03
   27.100000    -0.0000000000e+00    -0.0000000000e+00     2.0425831328e-03
   27.150000    -0.0000000000e+00    -0.0000000000e+00     2.1708490750e-03
   27.200000    -0.0000000000e+00    -0.0000000000e+00     2.3759471146e-03
   27.250000    -0.0000000000e+00    -0.0000000000e+00     2.6424799551e-03
   27.300000    -0.0000000000e+00    -0.0000000000e+00     2.9791985225e-03
   27.350000     0.0000000000e+00    -0.0000000000e+00     3.4279418510e-03
   27.400000     0.0000000000e+00    -0.0000000000e+00     4.0653316521e-03
   27.450000     0.0000000000e+00    -0.0000000000e+00     4.9932908782e-03
   27.500000     0.0000000000e+00    -0.0000000000e+00     6.3157177738e-03
   27.550000    -0.0000000000e+00    -0.0000000000e+00     8.1025343870e-03
   27.600000    -0.0000000000e+00    -0.0000000000e+00     1.0348392242e-02
   27.650000    -0.0000000000e+00    -0.0000000000e+00     1.2939284258e-02
   27.700000    -0.0000000000e+00    -0.0000000000e+00     1.5642684795e-02
   27.750000     0.0000000000e+00    -0.0000000000e+00     1.8132653681e-02
   27.800000     0.0000000000e+00    -0.0000000000e+00     2.0050318440e-02
   27.850000     0.0000000000e+00    -0.0000000000e+00     2.1085874949e-02
   27.900000     0.0000000000e+00    -0.0000000000e+00     2.1057146686e-02
   27.950000     0.0000000000e+00    -0.0000000000e+00     1.9957911986e-02
   28.000000     0.0000000000e+00    -0.0000000000e+00     1.7958746186e-02
   28.050000     0.0000000000e+00    -0.0000000000e+00     1.5360390725e-02
   28.100000     0.0000000000e+00    -0.0000000000e+00     1.2516882318e-02
   28.150000     0.0000000000e+00    -0.0000000000e+00     9.7551189825e-03
   28.200000     0.0000000000e+00    -0.0000000000e+00     7.3156548012e-03
   28.250000     0.0000000000e+00    -0.0000000000e+00     5.3284838295e-03
   28.300000     0.0000000000e+00    -0.0000000000e+00     3.8235162264e-03
   28.350000     0.0000000000e+00    -0.0000000000e+00     2.7647199015e-03
   28.400000     0.0000000000e+00    -0.0000000000e+00     2.0928865639e-03
   28.450000     0.0000000000e+00    -0.0000000000e+00     1.7641204144e-03
   28.500000     0.0000000000e+00    -0.0000000000e+00     1.7762347918e-03
   28.550000     0.0000000000e+00    -0.0000000000e+00     2.1797983443e-03
   28.600000     0.0000000000e+00    -0.0000000000e+00     3.0728117077e-03
   28.650000     0.0000000000e+00    -0.0000000000e+00     4.5784943480e-03
   28.700000     0.0000000000e+00    -0.0000000000e+00     6.8066238859e-03
   28.750000     0.0000000000e+00    -0.0000000000e+00     9.8024471557e-03
   28.800000     0.0000000000e+00    -0.0000000000e+00     1.3493641704e-02
   28.850000     0.0000000000e+00    -0.0000000000e+00     1.7652569193e-02
   28.900000     0.0000000000e+00    -0.0000000000e+00     2.1893459763e-02
   28.950000     0.0000000000e+00     0.0000000000e+00     2.5718010411e-02
   29.000000     0.0000000000e+00     0.0000000000e+00     2.8607675014e-02
   29.050000     0.0000000000e+00     0.0000000000e+00     3.0141610153e-02
   29.100000     0.0000000000e+00     0.0000000000e+00     3.0104717455e-02
   29.150000     0.0000000000e+00     0.0000000000e+00     2.8548781634e-02
   29.200000     0.0000000000e+00     0.0000000000e+00     2.5783897380e-02
   29.250000     0.0000000000e+00     0.0000000000e+00     2.2301785420e-02
   29.300000     0.0000000000e+00     0.0000000000e+00     1.8656351305e-02
   29.350000     0.0000000000e+00     0.0000000000e+00     1.5339556558e-02
   29.400000     0.0000000000e+00    -0.0000000000e+00     1.2687971100e-02
   29.450000     0.0000000000e+00    -0.0000000000e+00     1.0840536103e-02
   29.500000     0.0000000000e+00    -0.0000000000e+00     9.7491783725e-03
   29.550000    -0.0000000000e+00    -0.0000000000e+00     9.2289306219e-03
   29.600000    -0.0000000000e+00     0.0000000000e+00     9.0272110986e-03
   29.650000    -0.0000000000e+00     0.0000000000e+00     8.8924925484e-03
   29.700000    -0.0000000000e+00     0.0000000000e+00     8.6277622052e-03
   29.750000     0.0000000000e+00     0.0000000000e+00     8.1208599955e-03
   29.800000     0.0000000000e+00     0.0000000000e+00     7.3501348552e-03
   29.850000     0.0000000000e+00     0.0000000000e+00     6.3691338814e-03
   29.900000     0.0000000000e+00     0.0000000000e+00     5.2778217426e-03
   29.950000     0.0000000000e+00     0.0000000000e+00     4.1896060141e-03
   30.000000     0.0000000000e+00     0.0000000000e+00     3.2028329477e-03
