# Photoabsorption spectrum from linear response TD-DFT
# GPAW version: 19.8.1
# Gauss folded, width=0.05 [eV]
# length form# om [eV]     osz          osz x       osz y       osz z
   2.23539 6.8541899e-27 4.2088905e-27 1.0745280e-26 5.6083992e-27
   2.24789 1.8674774e-26 1.2016545e-26 2.8424954e-26 1.5582822e-26
   2.26039 4.8223691e-26 3.2755798e-26 7.0725885e-26 4.1189389e-26
   2.27289 1.1823909e-25 8.5362873e-26 1.6558273e-25 1.0377165e-25
   2.28539 2.7579757e-25 2.1284487e-25 3.6493581e-25 2.4961202e-25
   2.29789 6.1315582e-25 5.0784420e-25 7.5760947e-25 5.7401379e-25
   2.31039 1.3014935e-24 1.1588870e-24 1.4826281e-24 1.2629655e-24
   2.32289 2.6410790e-24 2.5264310e-24 2.7377086e-24 2.6590974e-24
   2.33539 5.1278145e-24 5.2534896e-24 4.7754156e-24 5.3545382e-24
   2.34789 9.5270207e-24 1.0400760e-23 7.8795622e-24 1.0300740e-23
   2.36039 1.6928886e-23 1.9566929e-23 1.2318394e-23 1.8901335e-23
   2.37289 2.8738267e-23 3.4914631e-23 1.8278635e-23 3.3021535e-23
   2.38539 4.6534322e-23 5.8989177e-23 2.5792863e-23 5.4820926e-23
   2.39789 7.1741452e-23 9.4223614e-23 3.4677759e-23 8.6322983e-23
   2.41039 1.0510286e-22 1.4210520e-22 4.4500003e-23 1.2870338e-22
   2.42289 1.4604709e-22 2.0214288e-22 5.4581018e-23 1.8141738e-22
   2.43539 1.9215758e-22 2.7097390e-22 6.4045583e-23 2.4145325e-22
   2.44789 2.3902864e-22 3.4206947e-22 7.1915335e-23 3.0310110e-22
   2.46039 2.8074340e-22 4.0642413e-22 7.7244232e-23 3.5856184e-22
   2.47289 3.1100769e-22 4.5429193e-22 7.9283569e-23 3.9944757e-22
   2.48539 3.2468044e-22 4.7756724e-22 7.7646955e-23 4.1882712e-22
   2.49789 3.1919886e-22 4.7202454e-22 7.2428485e-23 4.1314354e-22
   2.51039 2.9535659e-22 4.3856870e-22 6.4224985e-23 3.8327609e-22
   2.52289 2.5711287e-22 3.8298904e-22 5.4036384e-23 3.3431318e-22
   2.53539 2.1049706e-22 3.1431061e-22 4.3061903e-23 2.7411868e-22
   2.54789 1.6203159e-22 2.4239081e-22 3.2452493e-23 2.1125145e-22
   2.56039 1.1724572e-22 1.7564159e-22 2.3097829e-23 1.5299773e-22
   2.57289 7.9738941e-23 1.1958303e-22 1.5508839e-23 1.0412496e-22
   2.58539 5.0964565e-23 7.6493589e-23 9.8147210e-24 6.6585384e-23
   2.59789 3.0609122e-23 4.5970618e-23 5.8499252e-24 4.0006823e-23
   2.61039 1.7273795e-23 2.5955248e-23 3.2820482e-24 2.2584090e-23
   2.62289 9.1591635e-24 1.3767393e-23 1.7324646e-24 1.1977633e-23
   2.63539 4.5628616e-24 6.8604716e-24 8.6011099e-25 5.9680021e-24
   2.64789 2.1355940e-24 3.2116439e-24 4.0150951e-25 2.7936286e-24
   2.66039 9.3905214e-25 1.4124351e-24 1.7619602e-25 1.2285253e-24
   2.67289 3.8792027e-25 5.8354539e-25 7.2674873e-26 5.0754054e-25
   2.68539 1.5054662e-25 2.2648729e-25 2.8171231e-26 1.9698133e-25
   2.69789 5.4887155e-26 8.2579930e-26 1.0261692e-26 7.1819843e-26
   2.71039 1.8799148e-26 2.8285608e-26 3.5123008e-27 2.4599534e-26
   2.72289 6.0488201e-27 9.1015628e-27 1.1295348e-27 7.9153626e-27
   2.73539 1.8283790e-27 2.7512191e-27 3.4129037e-28 2.3926275e-27
   2.74789 5.1918637e-28 7.8125469e-28 9.6883699e-29 6.7942073e-28
   2.76039 1.3849710e-28 2.0840971e-28 2.5838589e-29 1.8124301e-28
   2.77289 3.4707037e-29 5.2227689e-29 6.4739595e-30 4.5419462e-29
   2.78539 8.1705850e-30 1.2295353e-29 1.5238702e-30 1.0692532e-29
   2.79789 1.8069537e-30 2.7191823e-30 3.3697521e-31 2.3647035e-30
   2.81039 3.7540386e-31 5.6492745e-31 7.0002935e-32 4.9128119e-31
   2.82289 7.3266931e-32 1.1025643e-31 1.3661553e-32 9.5882807e-32
   2.83539 1.3433049e-32 2.0214921e-32 2.5046514e-33 1.7579574e-32
   2.84789 2.3136537e-33 3.4817448e-33 4.3137631e-34 3.0278398e-33
   2.86039 3.7435110e-34 5.6335034e-34 6.9795244e-35 4.8990771e-34
   2.87289 5.6900594e-35 8.5628216e-35 1.0608524e-35 7.4465041e-35
   2.88539 8.1247746e-36 1.2226774e-35 1.5147571e-36 1.0632792e-35
   2.89789 1.0898397e-36 1.6400745e-36 2.0318393e-37 1.4262607e-36
   2.91039 1.3733166e-37 2.0666735e-37 2.5603164e-38 1.7972447e-37
   2.92289 1.6256813e-38 2.4464526e-38 3.0307878e-39 2.1275126e-38
   2.93539 1.8078269e-39 2.7205604e-39 3.3703483e-40 2.3658855e-39
   2.94789 1.8885780e-40 2.8420816e-40 3.5208800e-41 2.4715644e-40
   2.96039 1.8534021e-41 2.7891466e-41 3.4552915e-42 2.4255306e-41
   2.97289 1.7086811e-42 2.5713591e-42 3.1854817e-43 2.2361360e-42
   2.98539 1.4798203e-43 2.2269514e-43 2.7588137e-44 1.9366283e-43
   2.99789 1.2039642e-44 1.8118212e-44 2.2445353e-45 1.5756180e-44
   3.01039 9.2018425e-46 1.3847665e-45 1.7154862e-46 1.2042377e-45
   3.02289 6.6068220e-47 9.9424711e-47 1.2316995e-47 8.6462956e-47
   3.03539 4.4562241e-48 6.7060801e-48 8.3076645e-49 5.8318259e-48
   3.04789 2.8235667e-49 4.2491272e-49 5.2639263e-50 3.6951802e-49
   3.06039 1.6806825e-50 2.5292242e-50 3.1332663e-51 2.1994966e-50
   3.07289 9.3978798e-52 1.4142673e-51 1.7520296e-52 1.2298936e-51
   3.08539 4.9366314e-53 7.4290332e-53 9.2032708e-54 6.4605341e-53
   3.09789 2.4360608e-54 3.6659765e-54 4.5415027e-55 3.1880556e-54
   3.11039 1.1292813e-55 1.6994315e-55 2.1052979e-56 1.4778826e-55
   3.12289 4.9178213e-57 7.4007243e-57 9.1682018e-58 6.4359193e-57
   3.13539 2.0118701e-58 3.0276202e-58 3.7506917e-59 2.6329210e-58
   3.14789 7.7318558e-60 1.1635503e-59 1.4414354e-60 1.0118629e-59
   3.16039 2.7914133e-61 4.2007372e-61 5.2039795e-62 3.6531047e-61
   3.17289 9.4671908e-63 1.4246969e-62 1.7649507e-63 1.2389653e-62
   3.18539 3.0163013e-64 4.5391654e-64 5.6232343e-65 3.9474149e-64
   3.19789 9.0278617e-66 1.3585829e-65 1.6830475e-66 1.1814708e-65
   3.21039 2.5383510e-67 3.8199079e-67 4.7322009e-68 3.3219250e-67
   3.22289 6.7046335e-69 1.0089653e-68 1.2499325e-69 8.7743152e-69
   3.23539 1.6636234e-70 2.5035493e-70 3.1014626e-71 2.1771745e-70
   3.24789 3.8778550e-72 5.8356961e-72 7.2294147e-73 5.0749275e-72
   3.26039 8.4915061e-74 1.2778674e-73 1.5830561e-74 1.1112788e-73
   3.27289 1.7467650e-75 2.6286665e-75 3.2564626e-76 2.2859821e-75
   3.28539 3.3755211e-77 5.0797438e-77 6.2929237e-78 4.4175271e-77
   3.29789 6.1277884e-79 9.2215666e-79 1.1423927e-79 8.0194060e-79
   3.31039 1.0450169e-80 1.5726215e-80 1.9482065e-81 1.3676085e-80
   3.32289 1.6741695e-82 2.5194184e-82 3.1211249e-83 2.1909777e-82
   3.33539 2.5196032e-84 3.7916914e-84 4.6972524e-85 3.2973931e-84
   3.34789 3.5622260e-86 5.3607093e-86 6.6409964e-87 4.6618692e-86
   3.36039 4.7311573e-88 7.1198056e-88 8.8202152e-89 6.1916449e-88
   3.37289 5.9029608e-90 8.8832239e-90 1.1004789e-90 7.7251797e-90
   3.38539 6.9187718e-92 1.0411892e-91 1.2898549e-92 9.0545680e-92
   3.39789 7.6180655e-94 1.1464242e-93 1.4202231e-94 9.9697319e-94
   3.41039 7.8798327e-96 1.1858168e-95 1.4690240e-96 1.0312307e-95
   3.42289 7.6567751e-98 1.1522493e-97 1.4274398e-98 1.0020393e-97
   3.43539 6.9892629e-100 1.0517969e-99 1.3029967e-100 9.1468229e-100
   3.44789 5.9934026e-102 9.0193226e-102 1.1173402e-102 7.8435450e-102
   3.46039 4.8280541e-104 7.2656180e-104 9.0008624e-105 6.3184581e-104
   3.47289 3.6536538e-106 5.4982918e-106 6.8114476e-107 4.7815249e-106
   3.48539 2.5974025e-108 3.9087655e-108 4.8422957e-109 3.3992126e-108
   3.49789 1.7346335e-110 2.6104058e-110 3.2338494e-111 2.2701096e-110
   3.51039 1.0882603e-112 1.6376951e-112 2.0288263e-113 1.4242031e-112
   3.52289 6.4137854e-115 9.6519409e-115 1.1957119e-115 8.3937033e-115
   3.53539 3.5510163e-117 5.3438328e-117 6.6201040e-118 4.6472057e-117
   3.54789 1.8469175e-119 2.7793783e-119 3.4431796e-120 2.4170564e-119
   3.56039 9.0239969e-122 1.3579978e-121 1.6823298e-122 1.1809683e-121
   3.57289 4.1419702e-124 6.2331423e-124 7.7218114e-125 5.4205870e-124
   3.58539 1.7859594e-126 2.6876433e-126 3.3295370e-127 2.3372813e-126
   3.59789 7.2342382e-129 1.0886613e-128 1.3486681e-129 9.4674331e-129
   3.61039 2.7527744e-131 4.1425769e-131 5.1319560e-132 3.6025507e-131
   3.62289 9.8402249e-134 1.4808291e-133 1.8344985e-134 1.2877885e-133
   3.63539 3.3044260e-136 4.9727418e-136 6.1603925e-137 4.3244969e-136
   3.64789 1.0424222e-138 1.5687129e-138 1.9433725e-139 1.3642163e-138
   3.66039 3.1014280e-141 4.6554490e-141 5.9017962e-142 4.0586553e-141
   3.67289 7.3228822e-141 3.9509745e-141 8.5415674e-141 9.4761046e-141
   3.68539 4.1143219e-138 2.2151638e-138 4.8037745e-138 5.3240275e-138
   3.69789 2.1741096e-135 1.1705474e-135 2.5384334e-135 2.8133480e-135
   3.71039 1.0792478e-132 5.8107042e-133 1.2601015e-132 1.3965716e-132
   3.72289 5.0328912e-130 2.7097244e-130 5.8762720e-130 6.5126773e-130
   3.73539 2.2048066e-127 1.1870748e-127 2.5742744e-127 2.8530705e-127
   3.74789 9.0736085e-125 4.8852592e-125 1.0594108e-124 1.1741459e-124
   3.76039 3.5078917e-122 1.8886599e-122 4.0957224e-122 4.5392927e-122
   3.77289 1.2739985e-119 6.8592477e-120 1.4874872e-119 1.6485834e-119
   3.78539 4.3465856e-117 2.3402153e-117 5.0749595e-117 5.6245820e-117
   3.79789 1.3931060e-114 7.5005262e-115 1.6265541e-114 1.8027113e-114
   3.81039 4.1944660e-112 2.2583136e-112 4.8973486e-112 5.4277357e-112
   3.82289 1.1863854e-109 6.3875361e-110 1.3851925e-109 1.5352100e-109
   3.83539 3.1523287e-107 1.6972236e-107 3.6805764e-107 4.0791860e-107
   3.84789 7.8685335e-105 4.2364431e-105 9.1870936e-105 1.0182064e-104
   3.86039 1.8450693e-102 9.9339111e-103 2.1542546e-102 2.3875623e-102
   3.87289 4.0643227e-100 2.1882441e-100 4.7453968e-100 5.2593273e-100
   3.88539 8.4104701e-98 4.5282235e-98 9.8198446e-98 1.0883342e-97
   3.89789 1.6349669e-95 8.8027128e-96 1.9089445e-95 2.1156848e-95
   3.91039 2.9857554e-93 1.6075401e-93 3.4860898e-93 3.8636364e-93
   3.92289 5.1221949e-91 2.7578058e-91 5.9805407e-91 6.6282384e-91
   3.93539 8.2549523e-89 4.4444922e-89 9.6382661e-89 1.0682099e-88
   3.94789 1.2497687e-86 6.7287936e-87 1.4591972e-86 1.6172295e-86
   3.96039 1.7774659e-84 9.5699323e-85 2.0753227e-84 2.3000819e-84
   3.97289 2.3748137e-82 1.2786071e-82 2.7727702e-82 3.0730636e-82
   3.98539 2.9806733e-80 1.6048039e-80 3.4801561e-80 3.8570601e-80
   3.99789 3.5144375e-78 1.8921842e-78 4.1033652e-78 4.5477632e-78
   4.01039 3.8927262e-76 2.0958560e-76 4.5450452e-76 5.0372775e-76
   4.02289 4.0504986e-74 2.1808012e-74 4.7292561e-74 5.2414387e-74
   4.03539 3.9593119e-72 2.1317059e-72 4.6227889e-72 5.1234409e-72
   4.04789 3.6356958e-70 1.9574700e-70 4.2449432e-70 4.7046742e-70
   4.06039 3.1362592e-68 1.6885718e-68 3.6618141e-68 4.0583918e-68
   4.07289 2.5415167e-66 1.3683605e-66 2.9674083e-66 3.2887812e-66
   4.08539 1.9347754e-64 1.0416892e-64 2.2589931e-64 2.5036440e-64
   4.09789 1.3836453e-62 7.4495895e-63 1.6155080e-62 1.7904689e-62
   4.11039 9.2955601e-61 5.0047587e-61 1.0853252e-60 1.2028669e-60
   4.12289 5.8665524e-59 3.1585702e-59 6.8496329e-59 7.5914541e-59
   4.13539 3.4781390e-57 1.8726409e-57 4.0609840e-57 4.5007921e-57
   4.14789 1.9371690e-55 1.0429779e-55 2.2617878e-55 2.5067414e-55
   4.16039 1.0135489e-53 5.4569788e-54 1.1833931e-53 1.3115556e-53
   4.17289 4.9817102e-52 2.6821684e-52 5.8165143e-52 6.4464479e-52
   4.18539 2.3002171e-50 1.2384441e-50 2.6856732e-50 2.9765339e-50
   4.19789 9.9773632e-49 5.3718436e-49 1.1649308e-48 1.2910938e-48
   4.21039 4.0655503e-47 2.1889050e-47 4.7468300e-47 5.2609158e-47
   4.22289 1.5562504e-45 8.3789010e-46 1.8170372e-45 2.0138239e-45
   4.23539 5.5962387e-44 3.0130324e-44 6.5340217e-44 7.2416619e-44
   4.24789 1.8904690e-42 1.0178344e-42 2.2072621e-42 2.4463105e-42
   4.26039 5.9992851e-41 3.2300339e-41 7.0046081e-41 7.7632133e-41
   4.27289 1.7884880e-39 9.6292753e-40 2.0881917e-39 2.3143447e-39
   4.28539 5.0087476e-38 2.6967254e-38 5.8480826e-38 6.4814350e-38
   4.29789 1.3177374e-36 7.0947394e-37 1.5385557e-36 1.7051826e-36
   4.31039 3.2567557e-35 1.7534475e-35 3.8025027e-35 4.2143170e-35
   4.32289 7.5613282e-34 4.0710428e-34 8.8284088e-34 9.7845331e-34
   4.33539 1.6491782e-32 8.8792272e-33 1.9255373e-32 2.1340747e-32
   4.34789 3.3790428e-31 1.8192872e-31 3.9452818e-31 4.3725593e-31
   4.36039 6.5039378e-30 3.5017405e-30 7.5938275e-30 8.4162456e-30
   4.37289 1.1760226e-28 6.3317425e-29 1.3730932e-28 1.5218004e-28
   4.38539 1.9976139e-27 1.0755216e-27 2.3323617e-27 2.5849585e-27
   4.39789 3.1876015e-26 1.7162147e-26 3.7217601e-26 4.1248299e-26
   4.41039 4.7782966e-25 2.5726498e-25 5.5790139e-25 6.1832259e-25
   4.42289 6.7288178e-24 3.6228166e-24 7.8563914e-24 8.7072454e-24
   4.43539 8.9014556e-23 4.7925716e-23 1.0393106e-22 1.1518689e-22
   4.44789 1.1062159e-21 5.9559009e-22 1.2915887e-21 1.4314689e-21
   4.46039 1.2914433e-20 6.9531711e-21 1.5078553e-20 1.6711574e-20
   4.47289 1.4163396e-19 7.6256165e-20 1.6536810e-19 1.8327760e-19
   4.48539 1.4592040e-18 7.8564003e-19 1.7037284e-18 1.8882437e-18
   4.49789 1.4122815e-17 7.6037676e-18 1.6489429e-17 1.8275248e-17
   4.51039 1.2840534e-16 6.9133838e-17 1.4992271e-16 1.6615947e-16
   4.52289 1.0967345e-15 5.9048531e-16 1.2805185e-15 1.4191998e-15
   4.53539 8.7998757e-15 4.7378806e-15 1.0274504e-14 1.1387242e-14
   4.54789 6.6329718e-14 3.5712128e-14 7.7444842e-14 8.5832185e-14
   4.56039 4.6967383e-13 2.5287386e-13 5.4837886e-13 6.0776877e-13
   4.57289 3.1242168e-12 1.6820881e-12 3.6477538e-12 4.0428086e-12
   4.58539 1.9522821e-11 1.0511148e-11 2.2794334e-11 2.5262980e-11
   4.59789 1.1460421e-10 6.1703265e-11 1.3380887e-10 1.4830049e-10
   4.61039 6.3199720e-10 3.4026927e-10 7.3790338e-10 8.1781895e-10
   4.62289 3.2740578e-09 1.7627630e-09 3.8227041e-09 4.2367063e-09
   4.63539 1.5933608e-08 8.5787044e-09 1.8603663e-08 2.0618456e-08
   4.64789 7.2844791e-08 3.9219864e-08 8.5051669e-08 9.4262839e-08
   4.66039 3.1285239e-07 1.6844071e-07 3.6527825e-07 4.0483820e-07
   4.67289 1.2622258e-06 6.7958635e-07 1.4737417e-06 1.6333492e-06
   4.68539 4.7840006e-06 2.5757212e-06 5.5856737e-06 6.1906069e-06
   4.69789 1.7033426e-05 9.1708517e-06 1.9887781e-05 2.2041645e-05
   4.71039 5.6973043e-05 3.0674477e-05 6.6520229e-05 7.3724425e-05
   4.72289 1.7901667e-04 9.6383208e-05 2.0901515e-04 2.3165166e-04
   4.73539 5.2841392e-04 2.8450011e-04 6.1696211e-04 6.8377954e-04
   4.74789 1.4652503e-03 7.8889748e-04 1.7107871e-03 1.8960663e-03
   4.76039 3.8168613e-03 2.0550207e-03 4.4564635e-03 4.9390998e-03
   4.77289 9.3402459e-03 5.0288676e-03 1.0905408e-02 1.2086462e-02
   4.78539 2.1471793e-02 1.1560701e-02 2.5069823e-02 2.7784855e-02
   4.79789 4.6370067e-02 2.4966701e-02 5.4140144e-02 6.0003355e-02
   4.81039 9.4073900e-02 5.0653229e-02 1.0983693e-01 1.2173154e-01
   4.82289 1.7929474e-01 9.6545815e-02 2.0933514e-01 2.3200327e-01
   4.83539 3.2102768e-01 1.7288682e-01 3.7480735e-01 4.1538887e-01
   4.84789 5.4002293e-01 2.9089362e-01 6.3046450e-01 6.9871066e-01
   4.86039 8.5351615e-01 4.5997087e-01 9.9638514e-01 1.1041924e+00
   4.87289 1.2676759e+00 6.8375923e-01 1.4796555e+00 1.6396129e+00
   4.88539 1.7698239e+00 9.5619085e-01 2.0651976e+00 2.2880833e+00
   4.89789 2.3239269e+00 1.2595300e+00 2.7103354e+00 3.0019151e+00
   4.91039 2.8731070e+00 1.5665257e+00 3.3474359e+00 3.7053595e+00
   4.92289 3.3511846e+00 1.8478200e+00 3.8969516e+00 4.3087822e+00
   4.93539 3.7016860e+00 2.0836600e+00 4.2890781e+00 4.7323198e+00
   4.94789 3.8986927e+00 2.2764419e+00 4.4876178e+00 4.9320184e+00
   4.96039 3.9614336e+00 2.4588463e+00 4.5069158e+00 4.9185386e+00
   4.97289 3.9552774e+00 2.6923904e+00 4.4137390e+00 4.7597028e+00
   4.98539 3.9759816e+00 3.0536104e+00 4.3108225e+00 4.5635120e+00
   4.99789 4.1202351e+00 3.6093669e+00 4.3056837e+00 4.4456547e+00
   5.01039 4.4512807e+00 4.3876500e+00 4.4743633e+00 4.4918287e+00
   5.02289 4.9714016e+00 5.3539054e+00 4.8325180e+00 4.7277812e+00
   5.03539 5.6119293e+00 6.4033802e+00 5.3245798e+00 5.1078278e+00
   5.04789 6.2461774e+00 7.3760905e+00 5.8359509e+00 5.5264907e+00
   5.06039 6.7227767e+00 8.0932150e+00 6.2252289e+00 5.8498861e+00
   5.07289 6.9090498e+00 8.4047253e+00 6.3660359e+00 5.9563881e+00
   5.08539 6.7296294e+00 8.2320744e+00 6.1841592e+00 5.7726546e+00
   5.09789 6.1868662e+00 7.5903316e+00 5.6773319e+00 5.2929351e+00
   5.11039 5.3565886e+00 6.5818084e+00 4.9117677e+00 4.5761895e+00
   5.12289 4.3624425e+00 5.3645759e+00 3.9986145e+00 3.7241372e+00
   5.13539 3.3398308e+00 4.1087735e+00 3.0606638e+00 2.8500551e+00
   5.14789 2.4028727e+00 2.9567422e+00 2.2017889e+00 2.0500870e+00
   5.16039 1.6243310e+00 1.9989719e+00 1.4883167e+00 1.3857043e+00
   5.17289 1.0316136e+00 1.2696236e+00 9.4520362e-01 8.8001360e-01
   5.18539 6.1551437e-01 7.5754687e-01 5.6394925e-01 5.2504700e-01
   5.19789 3.4500660e-01 4.2462507e-01 3.1610102e-01 2.9429371e-01
   5.21039 1.8166831e-01 2.2359443e-01 1.6644700e-01 1.5496351e-01
   5.22289 8.9865020e-02 1.1060488e-01 8.2335405e-02 7.6654779e-02
   5.23539 4.1759991e-02 5.1397842e-02 3.8260968e-02 3.5621162e-02
   5.24789 1.8230037e-02 2.2437396e-02 1.6702556e-02 1.5550159e-02
   5.26039 7.4760422e-03 9.2014616e-03 6.8496298e-03 6.3770353e-03
   5.27289 2.8801345e-03 3.5448501e-03 2.6388101e-03 2.4567432e-03
   5.28539 1.0423426e-03 1.2829082e-03 9.5500563e-04 8.8911408e-04
   5.29789 3.5437648e-04 4.3616409e-04 3.2468363e-04 3.0228173e-04
   5.31039 1.1318162e-04 1.3930312e-04 1.0369827e-04 9.6543482e-05
   5.32289 3.3958113e-05 4.1795390e-05 3.1112809e-05 2.8966141e-05
   5.33539 9.5712307e-06 1.1780196e-05 8.7692721e-06 8.1642242e-06
   5.34789 2.5342451e-06 3.1191284e-06 2.3219051e-06 2.1617019e-06
   5.36039 6.3035624e-07 7.7583716e-07 5.7753990e-07 5.3769165e-07
   5.37289 1.4729231e-07 1.8128610e-07 1.3495100e-07 1.2563984e-07
   5.38539 3.2331862e-08 3.9793764e-08 2.9622849e-08 2.7578971e-08
   5.39789 6.6671148e-09 8.2058229e-09 6.1084939e-09 5.6870275e-09
   5.41039 1.2915218e-09 1.5895927e-09 1.1833087e-09 1.1016641e-09
   5.42289 2.3502938e-10 2.8927184e-10 2.1533695e-10 2.0047936e-10
   5.43539 4.0179004e-11 4.9451908e-11 3.6812528e-11 3.4272574e-11
   5.44789 6.4525706e-12 7.9417562e-12 5.9119308e-12 5.5040248e-12
   5.46039 9.7347086e-13 1.1981374e-12 8.9190711e-13 8.3036804e-13
   5.47289 1.3796526e-13 1.6980611e-13 1.2640566e-13 1.1768401e-13
   5.48539 1.8368476e-14 2.2607711e-14 1.6829452e-14 1.5668265e-14
   5.49789 2.2973815e-15 2.8275903e-15 2.1048931e-15 1.9596610e-15
   5.51039 2.6992909e-16 3.3222549e-16 2.4731287e-16 2.3024890e-16
   5.52289 2.9793591e-17 3.6669586e-17 2.7297318e-17 2.5413870e-17
   5.53539 3.0892469e-18 3.8022062e-18 2.8304132e-18 2.6351213e-18
   5.54789 3.0091163e-19 3.7035816e-19 2.7569969e-19 2.5667704e-19
   5.56039 2.7534800e-20 3.3889470e-20 2.5227797e-20 2.3487135e-20
   5.57289 2.3669086e-21 2.9131592e-21 2.1685976e-21 2.0189689e-21
   5.58539 1.9113386e-22 2.3524492e-22 1.7511978e-22 1.6303687e-22
   5.59789 1.4499411e-23 1.7845671e-23 1.3284586e-23 1.2367976e-23
   5.61039 1.0332840e-24 1.2717511e-24 9.4671108e-25 8.8138980e-25
   5.62289 6.9174436e-26 8.5138881e-26 6.3378722e-26 5.9005705e-26
   5.63539 4.3503896e-27 5.3543944e-27 3.9858972e-27 3.7108772e-27
   5.64789 2.5702021e-28 3.1633655e-28 2.3548611e-28 2.1923796e-28
   5.66039 1.4264711e-29 1.7556784e-29 1.3069564e-29 1.2167785e-29
   5.67289 7.4372998e-31 9.1537106e-31 6.8141785e-31 6.3440103e-31
   5.68539 3.6427066e-32 4.4833844e-32 3.3375094e-32 3.1072260e-32
   5.69789 1.6760605e-33 2.0628677e-33 1.5356353e-33 1.4296785e-33
   5.71039 7.2445562e-35 8.9164783e-35 6.6375877e-35 6.1796024e-35
   5.72289 2.9416464e-36 3.6205282e-36 2.6951879e-36 2.5092231e-36
   5.73539 1.1220850e-37 1.3810427e-37 1.0280741e-37 9.5713812e-38
   5.74789 4.0208478e-39 4.9487884e-39 3.6839726e-39 3.4297822e-39
   5.76039 1.3535244e-40 1.6658936e-40 1.2401236e-40 1.1545562e-40
   5.77289 4.2802701e-42 5.2680783e-42 3.9216616e-42 3.6510703e-42
   5.78539 1.2715482e-43 1.5649980e-43 1.1650160e-43 1.0846307e-43
   5.79789 3.5485513e-45 4.3674901e-45 3.2512489e-45 3.0269150e-45
   5.81039 9.3030626e-47 1.1450031e-46 8.5236412e-47 7.9355152e-47
   5.82289 2.2911704e-48 2.8199280e-48 2.0992139e-48 1.9543693e-48
   5.83539 5.3008490e-50 6.5241802e-50 4.8567398e-50 4.5216269e-50
   5.84789 1.1520997e-51 1.4179812e-51 1.0555761e-51 9.8274176e-52
   5.86039 2.3522924e-53 2.8951536e-53 2.1552164e-53 2.0065071e-53
   5.87289 4.5117926e-55 5.5530211e-55 4.1337937e-55 3.8485628e-55
   5.88539 8.1294946e-57 1.0005612e-56 7.4484055e-57 6.9344665e-57
   5.89789 1.3760511e-58 1.6936145e-58 1.2607658e-58 1.1737730e-58
   5.91039 2.1880748e-60 2.6930354e-60 2.0047588e-60 1.8664304e-60
   5.92289 3.2684841e-62 4.0227789e-62 2.9946524e-62 2.7880211e-62
   5.93539 4.5865610e-64 5.6450378e-64 4.2023025e-64 3.9123428e-64
   5.94789 6.0462287e-66 7.4415627e-66 5.5396815e-66 5.1574420e-66
   5.96039 7.4875298e-68 9.2154814e-68 6.8602332e-68 6.3868747e-68
   5.97289 8.7106216e-70 1.0720832e-69 7.9808575e-70 7.4301749e-70
   5.98539 9.5195480e-72 1.1716438e-71 8.7220149e-72 8.1201915e-72
   5.99789 9.7732746e-74 1.2028715e-73 8.9544866e-74 8.3366218e-74
   6.01039 9.4258489e-76 1.1601109e-75 8.6361694e-76 8.0402680e-76
   6.02289 8.5399915e-78 1.0510815e-77 7.8245291e-78 7.2846307e-78
   6.03539 7.2686038e-80 8.9460193e-80 6.6596570e-80 6.2001352e-80
   6.04789 5.8116728e-82 7.1528626e-82 5.3247854e-82 4.9573704e-82
   6.06039 4.3652377e-84 5.3726249e-84 3.9995299e-84 3.7235584e-84
   6.07289 3.0801456e-86 3.7909649e-86 2.8220999e-86 2.6273720e-86
   6.08539 2.0416965e-88 2.5128675e-88 1.8706495e-88 1.7415725e-88
   6.09789 1.2713576e-90 1.5647538e-90 1.1648474e-90 1.0844715e-90
   6.11039 7.4370525e-93 9.1533285e-93 6.8140020e-93 6.3438270e-93
   6.12289 4.0868676e-95 5.0300079e-95 3.7444848e-95 3.4861102e-95
   6.13539 2.1097786e-97 2.5966588e-97 1.9330295e-97 1.7996476e-97
   6.14789 1.0231512e-99 1.2592666e-99 9.3743570e-100 8.7275119e-100
   6.16039 4.6612169e-102 5.7368975e-102 4.2707199e-102 3.9760333e-102
   6.17289 1.9948737e-104 2.4552351e-104 1.8277521e-104 1.7016341e-104
   6.18539 8.0202538e-107 9.8711030e-107 7.3483540e-107 6.8413045e-107
   6.19789 3.0291265e-109 3.7281628e-109 2.7753608e-109 2.5838558e-109
   6.21039 1.0747397e-111 1.3227588e-111 9.8470339e-112 9.1675695e-112
   6.22289 3.5821666e-114 4.4088267e-114 3.2820713e-114 3.0556017e-114
   6.23539 1.1216177e-116 1.3804542e-116 1.0276546e-116 9.5674429e-117
   6.24789 3.2991383e-119 4.0604818e-119 3.0227549e-119 2.8141783e-119
   6.26039 9.1161780e-122 1.1219919e-121 8.3524772e-122 7.7761374e-122
   6.27289 2.3663646e-124 2.9124501e-124 2.1681247e-124 2.0185190e-124
   6.28539 5.7704159e-127 7.1020519e-127 5.2870060e-127 4.9221898e-127
   6.29789 1.3218713e-129 1.6269185e-129 1.2111333e-129 1.1275621e-129
   6.31039 2.8446433e-132 3.5010985e-132 2.6063377e-132 2.4264937e-132
   6.32289 5.7507310e-135 7.0778192e-135 5.2689735e-135 4.9054004e-135
   6.33539 1.0921315e-137 1.3441609e-137 1.0006402e-137 9.3159330e-138
   6.34789 1.9780851e-140 2.4811702e-140 1.7856559e-140 1.6674292e-140
   6.36039 1.0314321e-139 2.8895899e-139 1.6206717e-141 1.8849971e-140
   6.37289 3.3671774e-137 9.4349297e-137 5.1947601e-139 6.1465486e-138
   6.38539 1.0329647e-134 2.8943972e-134 1.5936205e-136 1.8856053e-135
   6.39789 2.9768813e-132 8.3413087e-132 4.5926249e-134 5.4340902e-133
   6.41039 8.0592416e-130 2.2582231e-129 1.2433507e-131 1.4711586e-130
   6.42289 2.0496676e-127 5.7432286e-127 3.1621530e-129 3.7415258e-128
   6.43539 4.8969906e-125 1.3721511e-124 7.5549001e-127 8.9391164e-126
   6.44789 1.0990861e-122 3.0796714e-122 1.6956303e-124 2.0063054e-123
   6.46039 2.3173453e-120 6.4932694e-120 3.5751165e-122 4.2301529e-121
   6.47289 4.5899333e-118 1.2861128e-117 7.0811832e-120 8.3786046e-119
   6.48539 8.5404076e-116 2.3930472e-115 1.3175832e-117 1.5589921e-116
   6.49789 1.4928199e-113 4.1829251e-113 2.3030686e-115 2.7250391e-114
   6.51039 2.4512795e-111 6.8685570e-111 3.7817454e-113 4.4746406e-112
   6.52289 3.7812452e-109 1.0595160e-108 5.8335685e-111 6.9024007e-110
   6.53539 5.4794056e-107 1.5353455e-106 8.4534289e-109 1.0002274e-107
   6.54789 7.4591381e-105 2.0900723e-104 1.1507689e-106 1.3616139e-105
   6.56039 9.5389471e-103 2.6728409e-102 1.4716343e-104 1.7412686e-103
   6.57289 1.1459583e-100 3.2110088e-100 1.7679431e-102 2.0918674e-101
   6.58539 1.2932837e-98 3.6238189e-98 1.9952314e-100 2.3607997e-99
   6.59789 1.3711198e-96 3.8419177e-96 2.1153140e-98 2.5028839e-97
   6.61039 1.3655687e-94 3.8263636e-94 2.1067501e-96 2.4927509e-95
   6.62289 1.2776395e-92 3.5799833e-92 1.9710960e-94 2.3322422e-93
   6.63539 1.1229481e-90 3.1465335e-90 1.7324438e-92 2.0498638e-91
   6.64789 9.2718768e-89 2.5980070e-88 1.4304316e-90 1.6925167e-89
   6.66039 7.1917106e-87 2.0151384e-86 1.1095111e-88 1.3127968e-87
   6.67289 5.2402662e-85 1.4683380e-84 8.0844934e-87 9.5657422e-86
   6.68539 3.5869977e-83 1.0050873e-82 5.5338904e-85 6.5478152e-84
   6.69789 2.3065636e-81 6.4630588e-81 3.5584829e-83 4.2104717e-82
   6.71039 1.3933376e-79 3.9041728e-79 2.1495909e-81 2.5434411e-80
   6.72289 7.9068571e-78 2.2155245e-77 1.2198413e-79 1.4433419e-78
   6.73539 4.2151013e-76 1.1810837e-75 6.5029059e-78 7.6943747e-77
   6.74789 2.1109052e-74 5.9148182e-74 3.2566283e-76 3.8533109e-75
   6.76039 9.9308413e-73 2.7826508e-72 1.5320943e-74 1.8128061e-73
   6.77289 4.3889431e-71 1.2297947e-70 6.7711028e-73 8.0117109e-72
   6.78539 1.8221765e-69 5.1057920e-69 2.8111881e-71 3.3262568e-70
   6.79789 7.1068565e-68 1.9913620e-67 1.0964201e-69 1.2973073e-68
   6.81039 2.6038816e-66 7.2961526e-66 4.0171745e-68 4.7532051e-67
   6.82289 8.9623422e-65 2.5112746e-64 1.3826778e-66 1.6360134e-65
   6.83539 2.8978667e-63 8.1199074e-63 4.4707240e-65 5.2898545e-64
   6.84789 8.8022131e-62 2.4664059e-61 1.3579736e-63 1.6067829e-62
   6.86039 2.5116664e-60 7.0377628e-60 3.8749081e-62 4.5848726e-61
   6.87289 6.7326900e-59 1.8865195e-58 1.0386951e-60 1.2290058e-59
   6.88539 1.6953988e-57 4.7505572e-57 2.6156000e-59 3.0948329e-58
   6.89789 4.0106220e-56 1.1237880e-55 6.1874427e-58 7.3211121e-57
   6.91039 8.9126773e-55 2.4973583e-54 1.3750156e-56 1.6269474e-55
   6.92289 1.8606352e-53 5.2135543e-53 2.8705207e-55 3.3964604e-54
   6.93539 3.6489748e-52 1.0224534e-51 5.6295065e-54 6.6609502e-53
   6.94789 6.7225974e-51 1.8836915e-50 1.0371380e-52 1.2271635e-51
   6.96039 1.1634827e-49 3.2601126e-49 1.7949791e-51 2.1238569e-50
   6.97289 1.8916438e-48 5.3004413e-48 2.9183597e-50 3.4530644e-49
   6.98539 2.8891852e-47 8.0955815e-47 4.4573305e-49 5.2740070e-48
   6.99789 4.1454148e-46 1.1615574e-45 6.3953961e-48 7.5671669e-47
   7.01039 5.5874957e-45 1.5656327e-44 8.6201864e-47 1.0199586e-45
   7.02289 7.0749440e-44 1.9824200e-43 1.0914968e-45 1.2914819e-44
   7.03539 8.4156062e-43 2.3580775e-42 1.2983293e-44 1.5362105e-43
   7.04789 9.4038220e-42 2.6349785e-41 1.4507877e-43 1.7166024e-42
   7.06039 9.8714281e-41 2.7660031e-40 1.5229283e-42 1.8019607e-41
   7.07289 9.7344669e-40 2.7276261e-39 1.5017984e-41 1.7769594e-40
   7.08539 9.0178073e-39 2.5268160e-38 1.3912347e-40 1.6461381e-39
   7.09789 7.8477710e-38 2.1989684e-37 1.2107258e-39 1.4325561e-38
   7.11039 6.4157627e-37 1.7977155e-36 9.8980068e-39 1.1711529e-37
   7.12289 4.9272756e-36 1.3806371e-35 7.6016227e-38 8.9943996e-37
   7.13539 3.5548560e-35 9.9608107e-35 5.4843034e-37 6.4891429e-36
   7.14789 2.4093160e-34 6.7509741e-34 3.7170057e-36 4.3980391e-35
   7.16039 1.5339885e-33 4.2982808e-33 2.3665821e-35 2.8001896e-34
   7.17289 9.1750208e-33 2.5708677e-32 1.4154890e-34 1.6748364e-33
   7.18539 5.1552365e-32 1.4445124e-31 7.9533126e-34 9.4105264e-33
   7.19789 2.7211139e-31 7.6246410e-31 4.1980362e-33 4.9672046e-32
   7.21039 1.3492781e-30 3.7807166e-30 2.0816174e-32 2.4630134e-31
   7.22289 6.2851085e-30 1.7611058e-29 9.6964382e-32 1.1473029e-30
   7.23539 2.7503040e-29 7.7064323e-29 4.2430696e-31 5.0204890e-30
   7.24789 1.1305902e-28 3.1679468e-28 1.7442337e-30 2.0638139e-29
   7.26039 4.3660260e-28 1.2233733e-27 6.7357471e-30 7.9698773e-29
   7.27289 1.5838863e-27 4.4380960e-27 2.4435626e-29 2.8912746e-28
   7.28539 5.3978189e-27 1.5124847e-26 8.3275600e-29 9.8533437e-28
   7.29789 1.7281013e-26 4.8421906e-26 2.6660523e-28 3.1545290e-27
   7.31039 5.1972869e-26 1.4562950e-25 8.0181864e-28 9.4872864e-27
   7.32289 1.4683878e-25 4.1144657e-25 2.2653757e-27 2.6804400e-26
   7.33539 3.8972786e-25 1.0920289e-24 6.0125805e-27 7.1142115e-26
   7.34789 9.7171458e-25 2.7227727e-24 1.4991261e-26 1.7737975e-25
   7.36039 2.2760017e-24 6.3774235e-24 3.5113332e-26 4.1546831e-25
   7.37289 5.0079853e-24 1.4032522e-23 7.7261387e-26 9.1417295e-25
   7.38539 1.0351662e-23 2.9005662e-23 1.5970171e-25 1.8896241e-24
   7.39789 2.0100819e-23 5.6323084e-23 3.1010817e-25 3.6692650e-24
   7.41039 3.6666884e-23 1.0274168e-22 5.6568343e-25 6.6932850e-24
   7.42289 6.2833440e-23 1.7606114e-22 9.6937161e-25 1.1469808e-23
   7.43539 1.0114962e-22 2.8342421e-22 1.5604998e-24 1.8464162e-23
   7.44789 1.5296579e-22 4.2861462e-22 2.3599009e-24 2.7922842e-23
   7.46039 2.1731061e-22 6.0891070e-22 3.3525895e-24 3.9668543e-23
   7.47289 2.9001746e-22 8.1263743e-22 4.4742846e-24 5.2940675e-23
   7.48539 3.6360008e-22 1.0188181e-21 5.6094906e-24 6.6372670e-23
   7.49789 4.2823324e-22 1.1999221e-21 6.6066276e-24 7.8171005e-23
   7.51039 4.7379817e-22 1.3275964e-21 7.3095869e-24 8.6488567e-23
   7.52289 4.9245095e-22 1.3798620e-21 7.5973553e-24 8.9893502e-23
   7.53539 4.8082736e-22 1.3472924e-21 7.4180307e-24 8.7771697e-23
   7.54789 4.4103389e-22 1.2357899e-21 6.8041114e-24 8.0507675e-23
   7.56039 3.8002428e-22 1.0648392e-21 5.8628773e-24 6.9370794e-23
   7.57289 3.0761487e-22 8.6194588e-22 4.7457710e-24 5.6152959e-23
   7.58539 2.3391598e-22 6.5543944e-22 3.6087713e-24 4.2699739e-23
   7.59789 1.6709716e-22 4.6821114e-22 2.5779146e-24 3.0502426e-23
   7.61039 1.1213336e-22 3.1420096e-22 1.7299529e-24 2.0469166e-23
   7.62289 7.0689871e-23 1.9807509e-22 1.0905778e-24 1.2903945e-23
   7.63539 4.1863559e-23 1.1730292e-22 6.4585585e-25 7.6419020e-24
   7.64789 2.3290118e-23 6.5259594e-23 3.5931153e-25 4.2514494e-24
   7.66039 1.2172053e-23 3.4106449e-23 1.8778603e-25 2.2219238e-24
   7.67289 5.9760273e-24 1.6745004e-23 9.2195989e-26 1.0908823e-24
   7.68539 2.7562456e-24 7.7230808e-24 4.2522360e-26 5.0313349e-25
   7.69789 1.1942076e-24 3.3462047e-24 1.8423803e-26 2.1799431e-25
   7.71039 4.8606948e-25 1.3619809e-24 7.4989043e-27 8.8728610e-26
   7.72289 1.8585467e-25 5.2077023e-25 2.8672987e-27 3.3926479e-26
   7.73539 6.6758287e-26 1.8705868e-25 1.0299227e-27 1.2186262e-26
   7.74789 2.2526488e-26 6.3119880e-26 3.4753052e-28 4.1120541e-27
   7.76039 7.1406607e-27 2.0008340e-26 1.1016353e-28 1.3034780e-27
   7.77289 2.1263752e-27 5.9581656e-27 3.2804948e-29 3.8815503e-28
   7.78539 5.9483701e-28 1.6667507e-27 9.1769305e-30 1.0858337e-28
   7.79789 1.5631933e-28 4.3801133e-28 2.4116381e-30 2.8535008e-29
   7.81039 3.8590815e-29 1.0813260e-28 5.9536515e-31 7.0444854e-30
   7.82289 8.9497691e-30 2.5077515e-29 1.3807380e-31 1.6337182e-30
   7.83539 1.9498280e-30 5.4634752e-30 3.0081256e-32 3.5592758e-31
   7.84789 3.9905949e-31 1.1181760e-30 6.1567686e-33 7.2845711e-32
   7.86039 7.6728531e-32 2.1498963e-31 1.1871124e-33 1.4008853e-32
   7.87289 1.3912498e-32 3.8898485e-32 2.6255244e-34 2.5764570e-33
   7.88539 3.0834710e-33 7.5088691e-33 6.8712531e-34 1.0544184e-33
   7.89789 9.5559113e-33 1.2593064e-32 8.1667556e-33 7.9079138e-33
   7.91039 1.0820290e-31 1.3612313e-31 9.6131421e-32 9.2354148e-32
   7.92289 1.1967200e-30 1.5045530e-30 1.0637532e-30 1.0218536e-30
   7.93539 1.2440152e-29 1.5639772e-29 1.1058122e-29 1.0622562e-29
   7.94789 1.2148504e-28 1.5272784e-28 1.0799030e-28 1.0373697e-28
   7.96039 1.1145068e-27 1.4010882e-27 9.9072527e-28 9.5170708e-28
   7.97289 9.6052303e-27 1.2074610e-26 8.5386648e-27 8.2024160e-27
   7.98539 7.7768021e-26 9.7755807e-26 6.9135198e-26 6.6413058e-26
   7.99789 5.9151641e-25 7.4349101e-25 5.2588020e-25 5.0517802e-25
   8.01039 4.2267920e-24 5.3122097e-24 3.7580347e-24 3.6101317e-24
   8.02289 2.8375352e-23 3.5656983e-23 2.5230858e-23 2.4238214e-23
   8.03539 1.7896529e-22 2.2484786e-22 1.5915322e-22 1.5289480e-22
   8.04789 1.0604946e-21 1.3320311e-21 9.4325985e-22 9.0619272e-22
   8.06039 5.9044638e-21 7.4136245e-21 5.2530019e-21 5.0467649e-21
   8.07289 3.0889620e-20 3.8765896e-20 2.7490453e-20 2.6412510e-20
   8.08539 1.5185969e-19 1.9045357e-19 1.3520909e-19 1.2991642e-19
   8.09789 7.0165201e-19 8.7916765e-19 6.2510012e-19 6.0068828e-19
   8.11039 3.0473353e-18 3.8135480e-18 2.7171148e-18 2.6113429e-18
   8.12289 1.2443219e-17 1.5545505e-17 1.1107329e-17 1.0676823e-17
   8.13539 4.7784558e-17 5.9560358e-17 4.2719639e-17 4.1073677e-17
   8.14789 1.7264640e-16 2.1451928e-16 1.5466561e-16 1.4875430e-16
   8.16039 5.8718382e-16 7.2650737e-16 5.2749285e-16 5.0755125e-16
   8.17289 1.8812440e-15 2.3143247e-15 1.6962973e-15 1.6331099e-15
   8.18539 5.6829776e-15 6.9376967e-15 5.1496429e-15 4.9615933e-15
   8.19789 1.6206637e-14 1.9582815e-14 1.4781348e-14 1.4255749e-14
   8.21039 4.3698557e-14 5.2089573e-14 4.0192821e-14 3.8813278e-14
   8.22289 1.1161774e-13 1.3070640e-13 1.0377331e-13 1.0037351e-13
   8.23539 2.7070450e-13 3.0981274e-13 2.5508315e-13 2.4721761e-13
   8.24789 6.2504215e-13 6.9486085e-13 5.9867203e-13 5.8159358e-13
   8.26039 1.3779279e-12 1.4777493e-12 1.3454124e-12 1.3106221e-12
   8.27289 2.9086781e-12 2.9873183e-12 2.9025863e-12 2.8361295e-12
   8.28539 5.8941631e-12 5.7563382e-12 6.0225544e-12 5.9035967e-12
   8.29789 1.1487111e-11 1.0603773e-11 1.2028449e-11 1.1829112e-11
   8.31039 2.1549245e-11 1.8725338e-11 2.3117329e-11 2.2805068e-11
   8.32289 3.8900462e-11 3.1772316e-11 4.2692707e-11 4.2236363e-11
   8.33539 6.7479277e-11 5.1873915e-11 7.5592104e-11 7.4971813e-11
   8.34789 1.1222757e-10 8.1524373e-11 1.2796944e-10 1.2718889e-10
   8.36039 1.7846103e-10 1.2323072e-10 2.0652743e-10 2.0562495e-10
   8.37289 2.7054312e-10 1.7883743e-10 3.1686915e-10 3.1592278e-10
   8.38539 3.8991265e-10 2.4854909e-10 4.6103333e-10 4.6015554e-10
   8.39789 5.3291064e-10 3.2986434e-10 6.3477356e-10 6.3409401e-10
   8.41039 6.8925613e-10 4.1684398e-10 8.2564271e-10 8.2528171e-10
   8.42289 8.4216608e-10 5.0022396e-10 1.0131172e-09 1.0131570e-09
   8.43539 9.7076085e-10 5.6871602e-10 1.1715518e-09 1.1720148e-09
   8.44789 1.0545409e-09 6.1139646e-10 1.2756924e-09 1.2765338e-09
   8.46039 1.0786962e-09 6.2053697e-10 1.3072169e-09 1.3083348e-09
   8.47289 1.0383732e-09 5.9387679e-10 1.2599919e-09 1.2612511e-09
   8.48539 9.4021514e-10 5.3542422e-10 1.1419794e-09 1.1432418e-09
   8.49789 8.0052005e-10 4.5442295e-10 9.7299284e-10 9.7414435e-10
   8.51039 6.4073525e-10 3.6286750e-10 7.7918577e-10 7.8015248e-10
   8.52289 4.8202040e-10 2.7251222e-10 5.8639843e-10 5.8715055e-10
   8.53539 3.4077910e-10 1.9241712e-10 4.1468778e-10 4.1523240e-10
   8.54789 2.2639007e-10 1.2771000e-10 2.7554606e-10 2.7591414e-10
   8.56039 1.4131442e-10 7.9663339e-11 1.7202365e-10 1.7225627e-10
   8.57289 8.2877507e-11 4.6697355e-11 1.0089875e-10 1.0103641e-10
   8.58539 4.5665759e-11 2.5720999e-11 5.5599965e-11 5.5676313e-11
   8.59789 2.3639366e-11 1.3311194e-11 2.8783597e-11 2.8823307e-11
   8.61039 1.1496425e-11 6.4723077e-12 1.3998795e-11 1.4018173e-11
   8.62289 5.2524860e-12 2.9566448e-12 6.3959685e-12 6.4048447e-12
   8.63539 2.2544318e-12 1.2688958e-12 2.7452915e-12 2.7491082e-12
   8.64789 9.0902492e-13 5.1160103e-13 1.1069663e-12 1.1085074e-12
   8.66039 3.4433273e-13 1.9378030e-13 4.1931678e-13 4.1990109e-13
   8.67289 1.2253007e-13 6.8953490e-14 1.4921433e-13 1.4942240e-13
   8.68539 4.0960718e-14 2.3049851e-14 4.9881354e-14 4.9950948e-14
   8.69789 1.2863284e-14 7.2384054e-15 1.5664791e-14 1.5686654e-14
   8.71039 3.7948515e-15 2.1353983e-15 4.6213522e-15 4.6278041e-15
   8.72289 1.0517096e-15 5.9179988e-16 1.2807703e-15 1.2825587e-15
   8.73539 2.7381343e-16 1.5407424e-16 3.3345016e-16 3.3391587e-16
   8.74789 6.6969492e-17 3.7683334e-17 8.1555554e-17 8.1669587e-17
   8.76039 1.5396948e-17 8.6634867e-18 1.8749940e-17 1.8777417e-17
   8.77289 3.4245918e-18 1.9244709e-18 4.1652775e-18 4.1840269e-18
   8.78539 1.6516636e-18 9.0563755e-19 1.9622245e-18 2.0871288e-18
   8.79789 8.8106446e-18 4.7470003e-18 1.0293170e-17 1.1391763e-17
   8.81039 7.2411606e-17 3.8988917e-17 8.4544124e-17 9.3701776e-17
   8.82289 5.6697219e-16 3.0527320e-16 6.6195917e-16 7.3368418e-16
   8.83539 4.1716105e-15 2.2461075e-15 4.8704947e-15 5.3982292e-15
   8.84789 2.8834019e-14 1.5525013e-14 3.3664681e-14 3.7312362e-14
   8.86039 1.8722475e-13 1.0080685e-13 2.1859115e-13 2.4227624e-13
   8.87289 1.1420311e-12 6.1490032e-13 1.3333595e-12 1.4778335e-12
   8.88539 6.5440890e-12 3.5235139e-12 7.6404426e-12 8.4683104e-12
   8.89789 3.5227114e-11 1.8967227e-11 4.1128833e-11 4.5585281e-11
   8.91039 1.7814003e-10 9.5915393e-11 2.0798444e-10 2.3052025e-10
   8.92289 8.4625758e-10 4.5564789e-10 9.8803401e-10 1.0950908e-09
   8.93539 3.7765933e-09 2.0334196e-09 4.4092989e-09 4.8870614e-09
   8.94789 1.5832681e-08 8.5247422e-09 1.8485184e-08 2.0488117e-08
   8.96039 6.2354141e-08 3.3573150e-08 7.2800544e-08 8.0688729e-08
   8.97289 2.3069211e-07 1.2421085e-07 2.6934075e-07 2.9852473e-07
   8.98539 8.0178285e-07 4.3170150e-07 9.3610828e-07 1.0375388e-06
   8.99789 2.6178056e-06 1.4094971e-06 3.0563755e-06 3.3875441e-06
   9.01039 8.0292430e-06 4.3231609e-06 9.3744096e-06 1.0390159e-05
   9.02289 2.3134942e-05 1.2456476e-05 2.7010818e-05 2.9937532e-05
   9.03539 6.2620831e-05 3.3716743e-05 7.3111913e-05 8.1033836e-05
   9.04789 1.5923034e-04 8.5733908e-05 1.8590675e-04 2.0605037e-04
   9.06039 3.8035526e-04 2.0479352e-04 4.4407748e-04 4.9219477e-04
   9.07289 8.5351197e-04 4.5955385e-04 9.9650376e-04 1.1044783e-03
   9.08539 1.7992288e-03 9.6875330e-04 2.1006598e-03 2.3282734e-03
   9.09789 3.5630325e-03 1.9184327e-03 4.1599596e-03 4.6107052e-03
   9.11039 6.6284161e-03 3.5689179e-03 7.7388973e-03 8.5774330e-03
   9.12289 1.1583941e-02 6.2371060e-03 1.3524638e-02 1.4990079e-02
   9.13539 1.9017766e-02 1.0239678e-02 2.2203878e-02 2.4609743e-02
   9.14789 2.9330486e-02 1.5792324e-02 3.4244323e-02 3.7954811e-02
   9.16039 4.2494783e-02 2.2880337e-02 4.9614080e-02 5.4989933e-02
   9.17289 5.7837374e-02 3.1141201e-02 6.7527068e-02 7.4843854e-02
   9.18539 7.3949989e-02 3.9816667e-02 8.6339085e-02 9.5694216e-02
   9.19789 8.8822759e-02 4.7824567e-02 1.0370354e-01 1.1494017e-01
   9.21039 1.0022291e-01 5.3962714e-02 1.1701359e-01 1.2969241e-01
   9.22289 1.0623468e-01 5.7199616e-02 1.2403254e-01 1.3747189e-01
   9.23539 1.0578455e-01 5.6957254e-02 1.2350700e-01 1.3688940e-01
   9.24789 9.8954323e-02 5.3279674e-02 1.1553248e-01 1.2805081e-01
   9.26039 8.6956867e-02 4.6819921e-02 1.0152505e-01 1.1252563e-01
   9.27289 7.1784321e-02 3.8650613e-02 8.3810594e-02 9.2891755e-02
   9.28539 5.5668805e-02 2.9973585e-02 6.4995191e-02 7.2037640e-02
   9.29789 4.0555597e-02 2.1836227e-02 4.7350015e-02 5.2480550e-02
   9.31039 2.7755324e-02 1.4944214e-02 3.2405268e-02 3.5916488e-02
   9.32289 1.7844254e-02 9.6078271e-03 2.0833763e-02 2.3091171e-02
   9.33539 1.0777228e-02 5.8027500e-03 1.2582774e-02 1.3946160e-02
   9.34789 6.1146605e-03 3.2922980e-03 7.1390706e-03 7.9126130e-03
   9.36039 3.2590740e-03 1.7547733e-03 3.8050779e-03 4.2173709e-03
   9.37289 1.6318217e-03 8.7861677e-04 1.9052063e-03 2.1116419e-03
   9.38539 7.6755191e-04 4.1327064e-04 8.9614252e-04 9.9324259e-04
   9.39789 3.3915593e-04 1.8261070e-04 3.9597589e-04 4.3888121e-04
   9.41039 1.4078218e-04 7.5800918e-05 1.6436790e-04 1.8217771e-04
   9.42289 5.4897494e-05 2.9558290e-05 6.4094659e-05 7.1039532e-05
