# Photoabsorption spectrum from linear response TD-DFT
# GPAW version: 19.8.1
# Gauss folded, width=0.03 [eV]
# length form# om [eV]     osz          osz x       osz y       osz z
   3.44113 5.6845626e-03 5.6845633e-03 5.6845429e-03 5.6845817e-03
   3.44863 1.4976828e-02 1.4976829e-02 1.4976776e-02 1.4976878e-02
   3.45613 3.7068005e-02 3.7068009e-02 3.7067876e-02 3.7068129e-02
   3.46363 8.6185693e-02 8.6185703e-02 8.6185394e-02 8.6185982e-02
   3.47113 1.8824686e-01 1.8824688e-01 1.8824621e-01 1.8824749e-01
   3.47863 3.8625748e-01 3.8625752e-01 3.8625614e-01 3.8625877e-01
   3.48613 7.4453077e-01 7.4453086e-01 7.4452819e-01 7.4453327e-01
   3.49363 1.3481711e+00 1.3481712e+00 1.3481664e+00 1.3481756e+00
   3.50113 2.2933162e+00 2.2933165e+00 2.2933083e+00 2.2933239e+00
   3.50863 3.6647089e+00 3.6647093e+00 3.6646962e+00 3.6647212e+00
   3.51613 5.5013797e+00 5.5013803e+00 5.5013606e+00 5.5013981e+00
   3.52363 7.7581888e+00 7.7581897e+00 7.7581619e+00 7.7582149e+00
   3.53113 1.0277930e+01 1.0277931e+01 1.0277895e+01 1.0277965e+01
   3.53863 1.2791091e+01 1.2791092e+01 1.2791047e+01 1.2791134e+01
   3.54613 1.4954300e+01 1.4954302e+01 1.4954248e+01 1.4954351e+01
   3.55363 1.6424086e+01 1.6424088e+01 1.6424029e+01 1.6424141e+01
   3.56113 1.6945442e+01 1.6945444e+01 1.6945384e+01 1.6945499e+01
   3.56863 1.6424086e+01 1.6424088e+01 1.6424029e+01 1.6424141e+01
   3.57613 1.4954300e+01 1.4954302e+01 1.4954248e+01 1.4954351e+01
   3.58363 1.2791091e+01 1.2791092e+01 1.2791047e+01 1.2791134e+01
   3.59113 1.0277930e+01 1.0277931e+01 1.0277895e+01 1.0277965e+01
   3.59863 7.7581888e+00 7.7581897e+00 7.7581619e+00 7.7582149e+00
   3.60613 5.5013797e+00 5.5013803e+00 5.5013606e+00 5.5013981e+00
   3.61363 3.6647089e+00 3.6647093e+00 3.6646962e+00 3.6647212e+00
   3.62113 2.2933162e+00 2.2933165e+00 2.2933083e+00 2.2933239e+00
   3.62863 1.3481711e+00 1.3481712e+00 1.3481664e+00 1.3481756e+00
   3.63613 7.4453077e-01 7.4453086e-01 7.4452819e-01 7.4453327e-01
   3.64363 3.8625748e-01 3.8625752e-01 3.8625614e-01 3.8625877e-01
   3.65113 1.8824686e-01 1.8824688e-01 1.8824621e-01 1.8824749e-01
   3.65863 8.6185693e-02 8.6185703e-02 8.6185394e-02 8.6185982e-02
   3.66613 3.7068005e-02 3.7068009e-02 3.7067876e-02 3.7068129e-02
   3.67363 1.4976828e-02 1.4976829e-02 1.4976776e-02 1.4976878e-02
   3.68113 5.6845626e-03 5.6845633e-03 5.6845429e-03 5.6845817e-03
   3.68863 2.0268932e-03 2.0268934e-03 2.0268862e-03 2.0269000e-03
   3.69613 6.7892419e-04 6.7892426e-04 6.7892183e-04 6.7892646e-04
   3.70363 2.1363297e-04 2.1363300e-04 2.1363223e-04 2.1363369e-04
   3.71113 6.3149786e-05 6.3149793e-05 6.3149567e-05 6.3149998e-05
   3.71863 1.7536062e-05 1.7536064e-05 1.7536002e-05 1.7536121e-05
   3.72613 4.5745552e-06 4.5745557e-06 4.5745393e-06 4.5745705e-06
   3.73363 1.1210430e-06 1.1210431e-06 1.1210391e-06 1.1210467e-06
   3.74113 2.5807874e-07 2.5807877e-07 2.5807785e-07 2.5807961e-07
   3.74863 5.5813442e-08 5.5813449e-08 5.5813249e-08 5.5813630e-08
   3.75613 1.1339189e-08 1.1339190e-08 1.1339149e-08 1.1339227e-08
   3.76363 2.1641220e-09 2.1641223e-09 2.1641145e-09 2.1641293e-09
   3.77113 3.8800570e-10 3.8800574e-10 3.8800435e-10 3.8800700e-10
   3.77863 6.5350822e-11 6.5350830e-11 6.5350596e-11 6.5351042e-11
   3.78613 1.0340002e-11 1.0340003e-11 1.0339966e-11 1.0340036e-11
   3.79363 1.5369040e-12 1.5369042e-12 1.5368987e-12 1.5369092e-12
   3.80113 2.1459989e-13 2.1459991e-13 2.1459914e-13 2.1460061e-13
   3.80863 2.8149379e-14 2.8149382e-14 2.8149282e-14 2.8149474e-14
   3.81613 3.4686841e-15 3.4686845e-15 3.4686721e-15 3.4686958e-15
   3.82363 4.0152933e-16 4.0152938e-16 4.0152794e-16 4.0153068e-16
   3.83113 4.3664289e-17 4.3664294e-17 4.3664137e-17 4.3664436e-17
   3.83863 4.4605879e-18 4.4605884e-18 4.4605725e-18 4.4606029e-18
   3.84613 4.2806963e-19 4.2806967e-19 4.2806814e-19 4.2807106e-19
   3.85363 3.8591647e-20 3.8591652e-20 3.8591513e-20 3.8591777e-20
   3.86113 3.2683519e-21 3.2683523e-21 3.2683406e-21 3.2683629e-21
   3.86863 2.6002847e-22 2.6002850e-22 2.6002757e-22 2.6002935e-22
   3.87613 1.9434331e-23 1.9434333e-23 1.9434264e-23 1.9434396e-23
   3.88363 1.3645042e-24 1.3645044e-24 1.3644995e-24 1.3645088e-24
   3.89113 8.9998807e-26 8.9998818e-26 8.9998495e-26 8.9999109e-26
   3.89863 5.5764168e-27 5.5764174e-27 5.5763974e-27 5.5764355e-27
   3.90613 3.2458638e-28 3.2458642e-28 3.2458525e-28 3.2458747e-28
   3.91363 1.7748512e-29 1.7748514e-29 1.7748451e-29 1.7748572e-29
   3.92113 9.1169634e-31 9.1169645e-31 9.1169318e-31 9.1169940e-31
   3.92863 4.3994163e-32 4.3994168e-32 4.3994011e-32 4.3994311e-32
   3.93613 1.9943277e-33 1.9943279e-33 1.9943207e-33 1.9943343e-33
   3.94363 8.4928715e-35 8.4928724e-35 8.4928420e-35 8.4929000e-35
   3.95113 3.3975761e-36 3.3975764e-36 3.3975643e-36 3.3975875e-36
   3.95863 1.2768516e-37 1.2768517e-37 1.2768472e-37 1.2768559e-37
   3.96613 4.5078374e-39 4.5078379e-39 4.5078218e-39 4.5078526e-39
   3.97363 1.4950395e-40 1.4950397e-40 1.4950343e-40 1.4950445e-40
   3.98113 4.6579378e-42 4.6579383e-42 4.6579216e-42 4.6579534e-42
   3.98863 1.3632996e-43 1.3632997e-43 1.3632948e-43 1.3633041e-43
   3.99613 3.7483963e-45 3.7483967e-45 3.7483833e-45 3.7484089e-45
   4.00363 9.6818043e-47 9.6818054e-47 9.6817707e-47 9.6818368e-47
   4.01113 2.3492200e-48 2.3492203e-48 2.3492119e-48 2.3492279e-48
   4.01863 5.3548546e-50 5.3548552e-50 5.3548361e-50 5.3548726e-50
   4.02613 1.1466431e-51 1.1466433e-51 1.1466391e-51 1.1466470e-51
   4.03363 2.3065637e-53 2.3065639e-53 2.3065557e-53 2.3065714e-53
   4.04113 4.3587226e-55 4.3587230e-55 4.3587074e-55 4.3587372e-55
   4.04863 7.7376592e-57 7.7376600e-57 7.7376323e-57 7.7376851e-57
   4.05613 1.2903768e-58 1.2903770e-58 1.2903724e-58 1.2903812e-58
   4.06363 2.0215297e-60 2.0215299e-60 2.0215227e-60 2.0215365e-60
   4.07113 2.9750911e-62 2.9750915e-62 2.9750808e-62 2.9751011e-62
   4.07863 4.1131735e-64 4.1131739e-64 4.1131592e-64 4.1131873e-64
   4.08613 5.3420798e-66 5.3420804e-66 5.3420612e-66 5.3420977e-66
   4.09363 6.5177892e-68 6.5177899e-68 6.5177665e-68 6.5178110e-68
   4.10113 7.4704513e-70 7.4704522e-70 7.4704254e-70 7.4704764e-70
   4.10863 8.0435908e-72 8.0435917e-72 8.0435629e-72 8.0436178e-72
   4.11613 8.1359767e-74 8.1359776e-74 8.1359484e-74 8.1360040e-74
   4.12363 7.7308280e-76 7.7308289e-76 7.7308012e-76 7.7308540e-76
   4.13113 6.9007918e-78 6.9007926e-78 6.9007679e-78 6.9008150e-78
   4.13863 5.7866662e-80 5.7866669e-80 5.7866462e-80 5.7866857e-80
   4.14613 4.5584221e-82 4.5584226e-82 4.5584063e-82 4.5584374e-82
   4.15363 3.3733176e-84 3.3733180e-84 3.3733059e-84 3.3733290e-84
   4.16113 2.3450739e-86 2.3450741e-86 2.3450657e-86 2.3450817e-86
   4.16863 1.5314838e-88 1.5314840e-88 1.5314785e-88 1.5314890e-88
   4.17613 9.3956082e-91 9.3956093e-91 9.3955756e-91 9.3956398e-91
   4.18363 5.4149441e-93 5.4149447e-93 5.4149253e-93 5.4149623e-93
   4.19113 2.9317008e-95 2.9317012e-95 2.9316907e-95 2.9317107e-95
   4.19863 1.4910833e-97 1.4910835e-97 1.4910782e-97 1.4910883e-97
   4.20613 7.1242767e-100 7.1242775e-100 7.1242520e-100 7.1243006e-100
   4.21363 3.1976891e-102 3.1976895e-102 3.1976780e-102 3.1976998e-102
   4.22113 1.3483054e-104 1.3483056e-104 1.3483008e-104 1.3483100e-104
   4.22863 5.3406847e-107 5.3406853e-107 5.3406661e-107 5.3407026e-107
   4.23613 1.9872943e-109 1.9872945e-109 1.9872874e-109 1.9873009e-109
   4.24363 6.9467875e-112 6.9467883e-112 6.9467634e-112 6.9468108e-112
   4.25113 2.2811952e-114 2.2811954e-114 2.2811873e-114 2.2812028e-114
   4.25863 7.0371608e-117 7.0371616e-117 7.0371363e-117 7.0371844e-117
   4.26613 2.0393374e-119 2.0393377e-119 2.0393304e-119 2.0393443e-119
   4.27363 5.5518447e-122 5.5518453e-122 5.5518255e-122 5.5518633e-122
   4.28113 1.4198489e-124 1.4198490e-124 1.4198439e-124 1.4198536e-124
   4.28863 3.4111713e-127 3.4111717e-127 3.4111595e-127 3.4111827e-127
   4.29613 7.6987732e-130 7.6987741e-130 7.6987465e-130 7.6987991e-130
   4.30363 1.6322855e-132 1.6322857e-132 1.6322798e-132 1.6322910e-132
   4.31113 3.2510774e-135 3.2510778e-135 3.2510662e-135 3.2510884e-135
   4.31863 6.0829620e-138 6.0829626e-138 6.0829409e-138 6.0829824e-138
   4.32613 1.0692013e-140 1.0692014e-140 1.0691976e-140 1.0692049e-140
   4.33363 1.7654705e-143 1.7654707e-143 1.7654643e-143 1.7654764e-143
   4.34113 2.7385333e-146 2.7385336e-146 2.7385238e-146 2.7385425e-146
   4.34863 3.9905448e-149 3.9905453e-149 3.9905310e-149 3.9905582e-149
   4.35613 5.4626447e-152 5.4626453e-152 5.4626257e-152 5.4626630e-152
   4.36363 7.0247408e-155 7.0247416e-155 7.0247165e-155 7.0247644e-155
   4.37113 8.4862194e-158 8.4862204e-158 8.4861900e-158 8.4862479e-158
   4.37863 9.6306323e-161 9.6306334e-161 9.6305989e-161 9.6306646e-161
   4.38613 1.0267198e-163 1.0267199e-163 1.0267162e-163 1.0267233e-163
   4.39363 1.0282665e-166 1.0282666e-166 1.0282629e-166 1.0282699e-166
   4.40113 9.6742210e-170 9.6742221e-170 9.6741874e-170 9.6742535e-170
   4.40863 8.5503310e-173 8.5503320e-173 8.5503013e-173 8.5503597e-173
   4.41613 7.0991515e-176 7.0991523e-176 7.0991269e-176 7.0991754e-176
   4.42363 5.5371535e-179 5.5371541e-179 5.5371343e-179 5.5371721e-179
   4.43113 4.0571706e-182 4.0571711e-182 4.0571565e-182 4.0571842e-182
   4.43863 2.7926504e-185 2.7926507e-185 2.7926407e-185 2.7926598e-185
   4.44613 1.8057868e-188 1.8057870e-188 1.8057805e-188 1.8057929e-188
   4.45363 1.0969150e-191 1.0969151e-191 1.0969112e-191 1.0969187e-191
   4.46113 6.2594482e-195 6.2594490e-195 6.2594265e-195 6.2594693e-195
   4.46863 3.3554884e-198 3.3554887e-198 3.3554767e-198 3.3554996e-198
   4.47613 1.6897872e-201 1.6897874e-201 1.6897813e-201 1.6897929e-201
   4.48363 7.9940137e-205 7.9940146e-205 7.9939859e-205 7.9940405e-205
   4.49113 3.5526658e-208 3.5526662e-208 3.5526535e-208 3.5526777e-208
   4.49863 1.4832024e-211 1.4832026e-211 1.4831972e-211 1.4832074e-211
   4.50613 5.8170537e-215 5.8170544e-215 5.8170335e-215 5.8170733e-215
   4.51363 2.1431982e-218 2.1431984e-218 2.1431907e-218 2.1432054e-218
   4.52113 7.4178522e-222 7.4178530e-222 7.4178265e-222 7.4178771e-222
   4.52863 2.4118518e-225 2.4118521e-225 2.4118434e-225 2.4118599e-225
   4.53613 7.3668131e-229 7.3668140e-229 7.3667876e-229 7.3668379e-229
   4.54363 2.1138068e-232 2.1138070e-232 2.1137994e-232 2.1138139e-232
   4.55113 5.6978041e-236 5.6978047e-236 5.6977843e-236 5.6978232e-236
   4.55863 1.4428007e-239 1.4428008e-239 1.4427957e-239 1.4428055e-239
   4.56613 3.4321144e-243 3.4321148e-243 3.4321025e-243 3.4321259e-243
   4.57363 7.6696185e-247 7.6696194e-247 7.6695919e-247 7.6696443e-247
   4.58113 1.6100611e-250 1.6100613e-250 1.6100556e-250 1.6100665e-250
   4.58863 3.1751743e-254 3.1751747e-254 3.1751633e-254 3.1751850e-254
   4.59613 5.8823298e-258 5.8823304e-258 5.8823093e-258 5.8823495e-258
   4.60363 1.0237355e-261 1.0237356e-261 1.0237319e-261 1.0237389e-261
   4.61113 1.6737198e-265 1.6737200e-265 1.6737140e-265 1.6737254e-265
   4.61863 2.5705989e-269 2.5705992e-269 2.5705900e-269 2.5706076e-269
   4.62613 3.7088776e-273 3.7088780e-273 3.7088647e-273 3.7088900e-273
   4.63363 5.0269813e-277 5.0269819e-277 5.0269639e-277 5.0269982e-277
   4.64113 6.4007172e-281 6.4007179e-281 6.4006949e-281 6.4007386e-281
   4.64863 7.6560824e-285 7.6560832e-285 7.6560558e-285 7.6561081e-285
   4.65613 8.6028263e-289 8.6028272e-289 8.6027964e-289 8.6028551e-289
   4.66363 9.0809713e-293 9.0809723e-293 9.0809398e-293 9.0810018e-293
   4.67113 9.0049239e-297 9.0049249e-297 9.0048927e-297 9.0049541e-297
   4.67863 8.3885015e-301 8.3885024e-301 8.3884724e-301 8.3885297e-301
   4.68613 7.3408326e-305 7.3408334e-305 7.3408071e-305 7.3408573e-305
   4.69363 6.0347996e-309 6.0348003e-309 6.0347786e-309 6.0348198e-309
   4.70113 4.6605479e-313 4.6605484e-313 4.6605317e-313 4.6605635e-313
   4.70863 3.3811728e-317 3.3811728e-317 3.3811610e-317 3.3811837e-317
   4.71613 2.3418712e-321 2.3418712e-321 2.3319898e-321 2.3418712e-321
   4.72363 0.0000000e+00 0.0000000e+00 0.0000000e+00 0.0000000e+00
   4.73113 0.0000000e+00 0.0000000e+00 0.0000000e+00 0.0000000e+00
   4.73863 0.0000000e+00 0.0000000e+00 0.0000000e+00 0.0000000e+00
   4.74613 0.0000000e+00 0.0000000e+00 0.0000000e+00 0.0000000e+00
   4.75363 0.0000000e+00 0.0000000e+00 0.0000000e+00 0.0000000e+00
   4.76113 0.0000000e+00 0.0000000e+00 0.0000000e+00 0.0000000e+00
   4.76863 0.0000000e+00 0.0000000e+00 0.0000000e+00 0.0000000e+00
   4.77613 0.0000000e+00 0.0000000e+00 0.0000000e+00 0.0000000e+00
   4.78363 0.0000000e+00 0.0000000e+00 0.0000000e+00 0.0000000e+00
   4.79113 0.0000000e+00 0.0000000e+00 0.0000000e+00 0.0000000e+00
   4.79863 0.0000000e+00 0.0000000e+00 0.0000000e+00 0.0000000e+00
   4.80613 0.0000000e+00 0.0000000e+00 0.0000000e+00 0.0000000e+00
   4.81363 0.0000000e+00 0.0000000e+00 0.0000000e+00 0.0000000e+00
   4.82113 0.0000000e+00 0.0000000e+00 0.0000000e+00 0.0000000e+00
   4.82863 0.0000000e+00 0.0000000e+00 0.0000000e+00 0.0000000e+00
   4.83613 0.0000000e+00 0.0000000e+00 0.0000000e+00 0.0000000e+00
   4.84363 0.0000000e+00 0.0000000e+00 0.0000000e+00 0.0000000e+00
   4.85113 0.0000000e+00 0.0000000e+00 0.0000000e+00 0.0000000e+00
   4.85863 0.0000000e+00 0.0000000e+00 0.0000000e+00 0.0000000e+00
   4.86613 0.0000000e+00 0.0000000e+00 0.0000000e+00 0.0000000e+00
   4.87363 0.0000000e+00 0.0000000e+00 0.0000000e+00 0.0000000e+00
   4.88113 0.0000000e+00 0.0000000e+00 0.0000000e+00 0.0000000e+00
   4.88863 0.0000000e+00 0.0000000e+00 0.0000000e+00 0.0000000e+00
   4.89613 0.0000000e+00 0.0000000e+00 0.0000000e+00 0.0000000e+00
   4.90363 0.0000000e+00 0.0000000e+00 0.0000000e+00 0.0000000e+00
   4.91113 0.0000000e+00 0.0000000e+00 0.0000000e+00 0.0000000e+00
   4.91863 0.0000000e+00 0.0000000e+00 0.0000000e+00 0.0000000e+00
   4.92613 0.0000000e+00 0.0000000e+00 0.0000000e+00 0.0000000e+00
   4.93363 0.0000000e+00 0.0000000e+00 0.0000000e+00 0.0000000e+00
   4.94113 0.0000000e+00 0.0000000e+00 0.0000000e+00 0.0000000e+00
   4.94863 0.0000000e+00 0.0000000e+00 0.0000000e+00 0.0000000e+00
   4.95613 0.0000000e+00 0.0000000e+00 0.0000000e+00 0.0000000e+00
   4.96363 0.0000000e+00 0.0000000e+00 0.0000000e+00 0.0000000e+00
   4.97113 0.0000000e+00 0.0000000e+00 0.0000000e+00 0.0000000e+00
   4.97863 0.0000000e+00 0.0000000e+00 0.0000000e+00 0.0000000e+00
   4.98613 0.0000000e+00 0.0000000e+00 0.0000000e+00 0.0000000e+00
   4.99363 0.0000000e+00 0.0000000e+00 0.0000000e+00 0.0000000e+00
   5.00113 0.0000000e+00 0.0000000e+00 0.0000000e+00 0.0000000e+00
   5.00863 0.0000000e+00 0.0000000e+00 0.0000000e+00 0.0000000e+00
   5.01613 0.0000000e+00 0.0000000e+00 0.0000000e+00 0.0000000e+00
   5.02363 0.0000000e+00 0.0000000e+00 0.0000000e+00 0.0000000e+00
   5.03113 0.0000000e+00 0.0000000e+00 0.0000000e+00 0.0000000e+00
   5.03863 0.0000000e+00 0.0000000e+00 0.0000000e+00 0.0000000e+00
   5.04613 0.0000000e+00 0.0000000e+00 0.0000000e+00 0.0000000e+00
   5.05363 0.0000000e+00 0.0000000e+00 0.0000000e+00 0.0000000e+00
   5.06113 0.0000000e+00 0.0000000e+00 0.0000000e+00 0.0000000e+00
   5.06863 0.0000000e+00 0.0000000e+00 0.0000000e+00 0.0000000e+00
   5.07613 0.0000000e+00 0.0000000e+00 0.0000000e+00 0.0000000e+00
   5.08363 0.0000000e+00 0.0000000e+00 0.0000000e+00 0.0000000e+00
   5.09113 0.0000000e+00 0.0000000e+00 0.0000000e+00 0.0000000e+00
   5.09863 0.0000000e+00 0.0000000e+00 0.0000000e+00 0.0000000e+00
   5.10613 0.0000000e+00 0.0000000e+00 0.0000000e+00 0.0000000e+00
   5.11363 0.0000000e+00 0.0000000e+00 0.0000000e+00 0.0000000e+00
   5.12113 0.0000000e+00 0.0000000e+00 0.0000000e+00 0.0000000e+00
   5.12863 0.0000000e+00 0.0000000e+00 0.0000000e+00 0.0000000e+00
   5.13613 0.0000000e+00 0.0000000e+00 0.0000000e+00 0.0000000e+00
   5.14363 0.0000000e+00 0.0000000e+00 0.0000000e+00 0.0000000e+00
   5.15113 0.0000000e+00 0.0000000e+00 0.0000000e+00 0.0000000e+00
   5.15863 0.0000000e+00 0.0000000e+00 0.0000000e+00 0.0000000e+00
   5.16613 0.0000000e+00 0.0000000e+00 0.0000000e+00 0.0000000e+00
   5.17363 0.0000000e+00 0.0000000e+00 0.0000000e+00 0.0000000e+00
   5.18113 0.0000000e+00 0.0000000e+00 0.0000000e+00 0.0000000e+00
   5.18863 0.0000000e+00 0.0000000e+00 0.0000000e+00 0.0000000e+00
   5.19613 0.0000000e+00 0.0000000e+00 0.0000000e+00 0.0000000e+00
   5.20363 0.0000000e+00 0.0000000e+00 0.0000000e+00 0.0000000e+00
   5.21113 0.0000000e+00 0.0000000e+00 0.0000000e+00 0.0000000e+00
   5.21863 0.0000000e+00 0.0000000e+00 0.0000000e+00 0.0000000e+00
   5.22613 0.0000000e+00 0.0000000e+00 0.0000000e+00 0.0000000e+00
   5.23363 0.0000000e+00 0.0000000e+00 0.0000000e+00 0.0000000e+00
   5.24113 0.0000000e+00 0.0000000e+00 0.0000000e+00 0.0000000e+00
   5.24863 0.0000000e+00 0.0000000e+00 0.0000000e+00 0.0000000e+00
   5.25613 0.0000000e+00 0.0000000e+00 0.0000000e+00 0.0000000e+00
   5.26363 0.0000000e+00 0.0000000e+00 0.0000000e+00 0.0000000e+00
   5.27113 0.0000000e+00 0.0000000e+00 0.0000000e+00 0.0000000e+00
   5.27863 0.0000000e+00 0.0000000e+00 0.0000000e+00 0.0000000e+00
   5.28613 0.0000000e+00 0.0000000e+00 0.0000000e+00 0.0000000e+00
   5.29363 0.0000000e+00 0.0000000e+00 0.0000000e+00 0.0000000e+00
   5.30113 0.0000000e+00 0.0000000e+00 0.0000000e+00 0.0000000e+00
   5.30863 0.0000000e+00 0.0000000e+00 0.0000000e+00 0.0000000e+00
   5.31613 0.0000000e+00 0.0000000e+00 0.0000000e+00 0.0000000e+00
   5.32363 0.0000000e+00 0.0000000e+00 0.0000000e+00 0.0000000e+00
   5.33113 0.0000000e+00 0.0000000e+00 0.0000000e+00 0.0000000e+00
   5.33863 0.0000000e+00 0.0000000e+00 0.0000000e+00 0.0000000e+00
   5.34613 0.0000000e+00 0.0000000e+00 0.0000000e+00 0.0000000e+00
   5.35363 0.0000000e+00 0.0000000e+00 0.0000000e+00 0.0000000e+00
   5.36113 0.0000000e+00 0.0000000e+00 0.0000000e+00 0.0000000e+00
   5.36863 0.0000000e+00 0.0000000e+00 0.0000000e+00 0.0000000e+00
   5.37613 0.0000000e+00 0.0000000e+00 0.0000000e+00 0.0000000e+00
   5.38363 0.0000000e+00 0.0000000e+00 0.0000000e+00 0.0000000e+00
   5.39113 0.0000000e+00 0.0000000e+00 0.0000000e+00 0.0000000e+00
   5.39863 0.0000000e+00 0.0000000e+00 0.0000000e+00 0.0000000e+00
   5.40613 0.0000000e+00 0.0000000e+00 0.0000000e+00 0.0000000e+00
   5.41363 0.0000000e+00 0.0000000e+00 0.0000000e+00 0.0000000e+00
   5.42113 0.0000000e+00 0.0000000e+00 0.0000000e+00 0.0000000e+00
   5.42863 0.0000000e+00 0.0000000e+00 0.0000000e+00 0.0000000e+00
   5.43613 0.0000000e+00 0.0000000e+00 0.0000000e+00 0.0000000e+00
   5.44363 0.0000000e+00 0.0000000e+00 0.0000000e+00 0.0000000e+00
   5.45113 0.0000000e+00 0.0000000e+00 0.0000000e+00 0.0000000e+00
   5.45863 0.0000000e+00 0.0000000e+00 0.0000000e+00 0.0000000e+00
   5.46613 0.0000000e+00 0.0000000e+00 0.0000000e+00 0.0000000e+00
   5.47363 0.0000000e+00 0.0000000e+00 0.0000000e+00 0.0000000e+00
   5.48113 0.0000000e+00 0.0000000e+00 0.0000000e+00 0.0000000e+00
   5.48863 0.0000000e+00 0.0000000e+00 0.0000000e+00 0.0000000e+00
   5.49613 0.0000000e+00 0.0000000e+00 0.0000000e+00 0.0000000e+00
   5.50363 0.0000000e+00 0.0000000e+00 0.0000000e+00 0.0000000e+00
   5.51113 0.0000000e+00 0.0000000e+00 0.0000000e+00 0.0000000e+00
   5.51863 0.0000000e+00 0.0000000e+00 0.0000000e+00 0.0000000e+00
   5.52613 0.0000000e+00 0.0000000e+00 0.0000000e+00 0.0000000e+00
   5.53363 0.0000000e+00 0.0000000e+00 0.0000000e+00 0.0000000e+00
   5.54113 0.0000000e+00 0.0000000e+00 0.0000000e+00 0.0000000e+00
   5.54863 0.0000000e+00 0.0000000e+00 0.0000000e+00 0.0000000e+00
   5.55613 0.0000000e+00 0.0000000e+00 0.0000000e+00 0.0000000e+00
   5.56363 0.0000000e+00 0.0000000e+00 0.0000000e+00 0.0000000e+00
   5.57113 0.0000000e+00 0.0000000e+00 0.0000000e+00 0.0000000e+00
   5.57863 0.0000000e+00 0.0000000e+00 0.0000000e+00 0.0000000e+00
   5.58613 0.0000000e+00 0.0000000e+00 0.0000000e+00 0.0000000e+00
   5.59363 0.0000000e+00 0.0000000e+00 0.0000000e+00 0.0000000e+00
   5.60113 0.0000000e+00 0.0000000e+00 0.0000000e+00 0.0000000e+00
   5.60863 0.0000000e+00 0.0000000e+00 0.0000000e+00 0.0000000e+00
   5.61613 0.0000000e+00 0.0000000e+00 0.0000000e+00 0.0000000e+00
   5.62363 0.0000000e+00 0.0000000e+00 0.0000000e+00 0.0000000e+00
   5.63113 0.0000000e+00 0.0000000e+00 0.0000000e+00 0.0000000e+00
   5.63863 0.0000000e+00 0.0000000e+00 0.0000000e+00 0.0000000e+00
   5.64613 0.0000000e+00 0.0000000e+00 0.0000000e+00 0.0000000e+00
   5.65363 0.0000000e+00 0.0000000e+00 0.0000000e+00 0.0000000e+00
   5.66113 0.0000000e+00 0.0000000e+00 0.0000000e+00 0.0000000e+00
   5.66863 0.0000000e+00 0.0000000e+00 0.0000000e+00 0.0000000e+00
   5.67613 0.0000000e+00 0.0000000e+00 0.0000000e+00 0.0000000e+00
   5.68363 0.0000000e+00 0.0000000e+00 0.0000000e+00 0.0000000e+00
   5.69113 0.0000000e+00 0.0000000e+00 0.0000000e+00 0.0000000e+00
   5.69863 0.0000000e+00 0.0000000e+00 0.0000000e+00 0.0000000e+00
   5.70613 0.0000000e+00 0.0000000e+00 0.0000000e+00 0.0000000e+00
   5.71363 0.0000000e+00 0.0000000e+00 0.0000000e+00 0.0000000e+00
   5.72113 0.0000000e+00 0.0000000e+00 0.0000000e+00 0.0000000e+00
   5.72863 0.0000000e+00 0.0000000e+00 0.0000000e+00 0.0000000e+00
   5.73613 0.0000000e+00 0.0000000e+00 0.0000000e+00 0.0000000e+00
   5.74363 0.0000000e+00 0.0000000e+00 0.0000000e+00 0.0000000e+00
   5.75113 0.0000000e+00 0.0000000e+00 0.0000000e+00 0.0000000e+00
   5.75863 0.0000000e+00 0.0000000e+00 0.0000000e+00 0.0000000e+00
   5.76613 0.0000000e+00 0.0000000e+00 0.0000000e+00 0.0000000e+00
   5.77363 0.0000000e+00 0.0000000e+00 0.0000000e+00 0.0000000e+00
   5.78113 0.0000000e+00 0.0000000e+00 0.0000000e+00 0.0000000e+00
   5.78863 0.0000000e+00 0.0000000e+00 0.0000000e+00 0.0000000e+00
   5.79613 0.0000000e+00 0.0000000e+00 0.0000000e+00 0.0000000e+00
   5.80363 0.0000000e+00 0.0000000e+00 0.0000000e+00 0.0000000e+00
   5.81113 0.0000000e+00 0.0000000e+00 0.0000000e+00 0.0000000e+00
   5.81863 0.0000000e+00 0.0000000e+00 0.0000000e+00 0.0000000e+00
   5.82613 0.0000000e+00 0.0000000e+00 0.0000000e+00 0.0000000e+00
   5.83363 0.0000000e+00 0.0000000e+00 0.0000000e+00 0.0000000e+00
   5.84113 0.0000000e+00 0.0000000e+00 0.0000000e+00 0.0000000e+00
   5.84863 0.0000000e+00 0.0000000e+00 0.0000000e+00 0.0000000e+00
   5.85613 0.0000000e+00 0.0000000e+00 0.0000000e+00 0.0000000e+00
   5.86363 0.0000000e+00 0.0000000e+00 0.0000000e+00 0.0000000e+00
   5.87113 0.0000000e+00 0.0000000e+00 0.0000000e+00 0.0000000e+00
   5.87863 0.0000000e+00 0.0000000e+00 0.0000000e+00 0.0000000e+00
   5.88613 0.0000000e+00 0.0000000e+00 0.0000000e+00 0.0000000e+00
   5.89363 0.0000000e+00 0.0000000e+00 0.0000000e+00 0.0000000e+00
   5.90113 0.0000000e+00 0.0000000e+00 0.0000000e+00 0.0000000e+00
   5.90863 0.0000000e+00 0.0000000e+00 0.0000000e+00 0.0000000e+00
   5.91613 0.0000000e+00 0.0000000e+00 0.0000000e+00 0.0000000e+00
   5.92363 0.0000000e+00 0.0000000e+00 0.0000000e+00 0.0000000e+00
   5.93113 0.0000000e+00 0.0000000e+00 0.0000000e+00 0.0000000e+00
   5.93863 0.0000000e+00 0.0000000e+00 0.0000000e+00 0.0000000e+00
   5.94613 0.0000000e+00 0.0000000e+00 0.0000000e+00 0.0000000e+00
   5.95363 0.0000000e+00 0.0000000e+00 0.0000000e+00 0.0000000e+00
   5.96113 0.0000000e+00 0.0000000e+00 0.0000000e+00 0.0000000e+00
   5.96863 0.0000000e+00 0.0000000e+00 0.0000000e+00 0.0000000e+00
   5.97613 0.0000000e+00 0.0000000e+00 0.0000000e+00 0.0000000e+00
   5.98363 0.0000000e+00 0.0000000e+00 0.0000000e+00 0.0000000e+00
   5.99113 0.0000000e+00 0.0000000e+00 0.0000000e+00 0.0000000e+00
   5.99863 0.0000000e+00 0.0000000e+00 0.0000000e+00 0.0000000e+00
   6.00613 0.0000000e+00 0.0000000e+00 0.0000000e+00 0.0000000e+00
   6.01363 0.0000000e+00 0.0000000e+00 0.0000000e+00 0.0000000e+00
   6.02113 0.0000000e+00 0.0000000e+00 0.0000000e+00 0.0000000e+00
   6.02863 0.0000000e+00 0.0000000e+00 0.0000000e+00 0.0000000e+00
   6.03613 0.0000000e+00 0.0000000e+00 0.0000000e+00 0.0000000e+00
   6.04363 0.0000000e+00 0.0000000e+00 0.0000000e+00 0.0000000e+00
   6.05113 0.0000000e+00 0.0000000e+00 0.0000000e+00 0.0000000e+00
   6.05863 0.0000000e+00 0.0000000e+00 0.0000000e+00 0.0000000e+00
   6.06613 0.0000000e+00 0.0000000e+00 0.0000000e+00 0.0000000e+00
   6.07363 0.0000000e+00 0.0000000e+00 0.0000000e+00 0.0000000e+00
   6.08113 0.0000000e+00 0.0000000e+00 0.0000000e+00 0.0000000e+00
   6.08863 0.0000000e+00 0.0000000e+00 0.0000000e+00 0.0000000e+00
   6.09613 0.0000000e+00 0.0000000e+00 0.0000000e+00 0.0000000e+00
   6.10363 0.0000000e+00 0.0000000e+00 0.0000000e+00 0.0000000e+00
   6.11113 0.0000000e+00 0.0000000e+00 0.0000000e+00 0.0000000e+00
   6.11863 0.0000000e+00 0.0000000e+00 0.0000000e+00 0.0000000e+00
   6.12613 0.0000000e+00 0.0000000e+00 0.0000000e+00 0.0000000e+00
   6.13363 0.0000000e+00 0.0000000e+00 0.0000000e+00 0.0000000e+00
   6.14113 0.0000000e+00 0.0000000e+00 0.0000000e+00 0.0000000e+00
   6.14863 0.0000000e+00 0.0000000e+00 0.0000000e+00 0.0000000e+00
   6.15613 0.0000000e+00 0.0000000e+00 0.0000000e+00 0.0000000e+00
   6.16363 0.0000000e+00 0.0000000e+00 0.0000000e+00 0.0000000e+00
   6.17113 0.0000000e+00 0.0000000e+00 0.0000000e+00 0.0000000e+00
   6.17863 0.0000000e+00 0.0000000e+00 0.0000000e+00 0.0000000e+00
   6.18613 0.0000000e+00 0.0000000e+00 0.0000000e+00 0.0000000e+00
   6.19363 0.0000000e+00 0.0000000e+00 0.0000000e+00 0.0000000e+00
   6.20113 0.0000000e+00 0.0000000e+00 0.0000000e+00 0.0000000e+00
   6.20863 0.0000000e+00 0.0000000e+00 0.0000000e+00 0.0000000e+00
   6.21613 0.0000000e+00 0.0000000e+00 0.0000000e+00 0.0000000e+00
   6.22363 0.0000000e+00 0.0000000e+00 0.0000000e+00 0.0000000e+00
   6.23113 0.0000000e+00 0.0000000e+00 0.0000000e+00 0.0000000e+00
   6.23863 0.0000000e+00 0.0000000e+00 0.0000000e+00 0.0000000e+00
   6.24613 0.0000000e+00 0.0000000e+00 0.0000000e+00 0.0000000e+00
   6.25363 0.0000000e+00 0.0000000e+00 0.0000000e+00 0.0000000e+00
   6.26113 0.0000000e+00 0.0000000e+00 0.0000000e+00 0.0000000e+00
   6.26863 0.0000000e+00 0.0000000e+00 0.0000000e+00 0.0000000e+00
   6.27613 0.0000000e+00 0.0000000e+00 0.0000000e+00 0.0000000e+00
   6.28363 0.0000000e+00 0.0000000e+00 0.0000000e+00 0.0000000e+00
   6.29113 0.0000000e+00 0.0000000e+00 0.0000000e+00 0.0000000e+00
   6.29863 0.0000000e+00 0.0000000e+00 0.0000000e+00 0.0000000e+00
   6.30613 0.0000000e+00 0.0000000e+00 0.0000000e+00 0.0000000e+00
   6.31363 0.0000000e+00 0.0000000e+00 0.0000000e+00 0.0000000e+00
   6.32113 0.0000000e+00 0.0000000e+00 0.0000000e+00 0.0000000e+00
   6.32863 0.0000000e+00 0.0000000e+00 0.0000000e+00 0.0000000e+00
   6.33613 0.0000000e+00 0.0000000e+00 0.0000000e+00 0.0000000e+00
   6.34363 0.0000000e+00 0.0000000e+00 0.0000000e+00 0.0000000e+00
   6.35113 0.0000000e+00 0.0000000e+00 0.0000000e+00 0.0000000e+00
   6.35863 0.0000000e+00 0.0000000e+00 0.0000000e+00 0.0000000e+00
   6.36613 0.0000000e+00 0.0000000e+00 0.0000000e+00 0.0000000e+00
   6.37363 0.0000000e+00 0.0000000e+00 0.0000000e+00 0.0000000e+00
   6.38113 0.0000000e+00 0.0000000e+00 0.0000000e+00 0.0000000e+00
   6.38863 0.0000000e+00 0.0000000e+00 0.0000000e+00 0.0000000e+00
   6.39613 0.0000000e+00 0.0000000e+00 0.0000000e+00 0.0000000e+00
   6.40363 0.0000000e+00 0.0000000e+00 0.0000000e+00 0.0000000e+00
   6.41113 0.0000000e+00 0.0000000e+00 0.0000000e+00 0.0000000e+00
   6.41863 0.0000000e+00 0.0000000e+00 0.0000000e+00 0.0000000e+00
   6.42613 0.0000000e+00 0.0000000e+00 0.0000000e+00 0.0000000e+00
   6.43363 0.0000000e+00 0.0000000e+00 0.0000000e+00 0.0000000e+00
   6.44113 0.0000000e+00 0.0000000e+00 0.0000000e+00 0.0000000e+00
   6.44863 0.0000000e+00 0.0000000e+00 0.0000000e+00 0.0000000e+00
   6.45613 0.0000000e+00 0.0000000e+00 0.0000000e+00 0.0000000e+00
   6.46363 0.0000000e+00 0.0000000e+00 0.0000000e+00 0.0000000e+00
   6.47113 0.0000000e+00 0.0000000e+00 0.0000000e+00 0.0000000e+00
   6.47863 0.0000000e+00 0.0000000e+00 0.0000000e+00 0.0000000e+00
   6.48613 0.0000000e+00 0.0000000e+00 0.0000000e+00 0.0000000e+00
   6.49363 0.0000000e+00 0.0000000e+00 0.0000000e+00 0.0000000e+00
   6.50113 0.0000000e+00 0.0000000e+00 0.0000000e+00 0.0000000e+00
   6.50863 0.0000000e+00 0.0000000e+00 0.0000000e+00 0.0000000e+00
   6.51613 0.0000000e+00 0.0000000e+00 0.0000000e+00 0.0000000e+00
   6.52363 0.0000000e+00 0.0000000e+00 0.0000000e+00 0.0000000e+00
   6.53113 0.0000000e+00 0.0000000e+00 0.0000000e+00 0.0000000e+00
   6.53863 0.0000000e+00 0.0000000e+00 0.0000000e+00 0.0000000e+00
   6.54613 0.0000000e+00 0.0000000e+00 0.0000000e+00 0.0000000e+00
   6.55363 0.0000000e+00 0.0000000e+00 0.0000000e+00 0.0000000e+00
   6.56113 0.0000000e+00 0.0000000e+00 0.0000000e+00 0.0000000e+00
   6.56863 0.0000000e+00 0.0000000e+00 0.0000000e+00 0.0000000e+00
   6.57613 0.0000000e+00 0.0000000e+00 0.0000000e+00 0.0000000e+00
   6.58363 0.0000000e+00 0.0000000e+00 0.0000000e+00 0.0000000e+00
   6.59113 0.0000000e+00 0.0000000e+00 0.0000000e+00 0.0000000e+00
   6.59863 0.0000000e+00 0.0000000e+00 0.0000000e+00 0.0000000e+00
   6.60613 0.0000000e+00 0.0000000e+00 0.0000000e+00 0.0000000e+00
   6.61363 0.0000000e+00 0.0000000e+00 0.0000000e+00 0.0000000e+00
   6.62113 0.0000000e+00 0.0000000e+00 0.0000000e+00 0.0000000e+00
   6.62863 0.0000000e+00 0.0000000e+00 0.0000000e+00 0.0000000e+00
   6.63613 0.0000000e+00 0.0000000e+00 0.0000000e+00 0.0000000e+00
   6.64363 0.0000000e+00 0.0000000e+00 0.0000000e+00 0.0000000e+00
   6.65113 0.0000000e+00 0.0000000e+00 0.0000000e+00 0.0000000e+00
   6.65863 0.0000000e+00 0.0000000e+00 0.0000000e+00 0.0000000e+00
   6.66613 0.0000000e+00 0.0000000e+00 0.0000000e+00 0.0000000e+00
   6.67363 0.0000000e+00 0.0000000e+00 0.0000000e+00 0.0000000e+00
   6.68113 0.0000000e+00 0.0000000e+00 0.0000000e+00 0.0000000e+00
   6.68863 0.0000000e+00 0.0000000e+00 0.0000000e+00 0.0000000e+00
   6.69613 0.0000000e+00 0.0000000e+00 0.0000000e+00 0.0000000e+00
   6.70363 0.0000000e+00 0.0000000e+00 0.0000000e+00 0.0000000e+00
   6.71113 0.0000000e+00 0.0000000e+00 0.0000000e+00 0.0000000e+00
   6.71863 0.0000000e+00 0.0000000e+00 0.0000000e+00 0.0000000e+00
   6.72613 0.0000000e+00 0.0000000e+00 0.0000000e+00 0.0000000e+00
   6.73363 0.0000000e+00 0.0000000e+00 0.0000000e+00 0.0000000e+00
   6.74113 2.4703282e-322 1.9762626e-322 4.0513383e-322 1.4821969e-322
   6.74863 3.0876040e-318 2.4357832e-318 4.9418422e-318 1.8851865e-318
   6.75613 3.5746052e-314 2.8199755e-314 5.7213043e-314 2.1825358e-314
   6.76363 3.8876846e-310 3.0669611e-310 6.2224010e-310 2.3736917e-310
   6.77113 3.9720121e-306 3.1334864e-306 6.3573707e-306 2.4251793e-306
   6.77863 3.8122968e-302 3.0074883e-302 6.1017396e-302 2.3276624e-302
   6.78613 3.4373158e-298 2.7116690e-298 5.5015670e-298 2.0987114e-298
   6.79363 2.9114461e-294 2.2968150e-294 4.6598907e-294 1.7776328e-294
   6.80113 2.3166194e-290 1.8275612e-290 3.7078457e-290 1.4144512e-290
   6.80863 1.7316383e-286 1.3660747e-286 2.7715592e-286 1.0572811e-286
   6.81613 1.2159516e-282 9.5925385e-283 1.9461812e-282 7.4241988e-283
   6.82363 8.0210645e-279 6.3277492e-279 1.2838048e-278 4.8973969e-279
   6.83113 4.9705484e-275 3.9212231e-275 7.9555696e-275 3.0348526e-275
   6.83863 2.8935647e-271 2.2827085e-271 4.6312708e-271 1.7667150e-271
   6.84613 1.5824088e-267 1.2483488e-267 2.5327112e-267 9.6616652e-268
   6.85363 8.1294428e-264 6.4132479e-264 1.3011511e-263 4.9635690e-264
   6.86113 3.9233717e-260 3.0951144e-260 6.2795197e-260 2.3954811e-260
   6.86863 1.7787493e-256 1.4032401e-256 2.8469622e-256 1.0860455e-256
   6.87613 7.5757669e-253 5.9764577e-253 1.2125330e-252 4.6255128e-253
   6.88363 3.0310637e-249 2.3911802e-249 4.8513436e-249 1.8506673e-249
   6.89113 1.1392529e-245 8.9874683e-246 1.8234216e-245 6.9559013e-246
   6.89863 4.0225530e-242 3.1733577e-242 6.4382635e-242 2.4560379e-242
   6.90613 1.3342586e-238 1.0525852e-238 2.1355365e-238 8.1465423e-239
   6.91363 4.1575250e-235 3.2798359e-235 6.6542918e-235 2.5384473e-235
   6.92113 1.2169880e-231 9.6007145e-232 1.9478400e-231 7.4305267e-232
   6.92863 3.3465271e-228 2.6400466e-228 5.3562558e-228 2.0432788e-228
   6.93613 8.6448800e-225 6.8198719e-225 1.3836490e-224 5.2782780e-225
   6.94363 2.0978778e-221 1.6549979e-221 3.3577408e-221 1.2808949e-221
   6.95113 4.7825334e-218 3.7728997e-218 7.6546437e-218 2.9200568e-218
   6.95863 1.0242180e-214 8.0799686e-215 1.6393036e-214 6.2535368e-215
   6.96613 2.0605513e-211 1.6255513e-211 3.2979981e-211 1.2581045e-211
   6.97363 3.8943146e-208 3.0721915e-208 6.2330126e-208 2.3777398e-208
   6.98113 6.9140932e-205 5.4544690e-205 1.1066294e-204 4.2215168e-205
   6.98863 1.1531771e-201 9.0973158e-202 1.8457080e-201 7.0409184e-202
   6.99613 1.8068138e-198 1.4253800e-198 2.8918807e-198 1.1031808e-198
   7.00363 2.6594228e-195 2.0979959e-195 4.2565169e-195 1.6237557e-195
   7.01113 3.6772061e-192 2.9009164e-192 5.8855213e-192 2.2451805e-192
   7.01863 4.7764490e-189 3.7680997e-189 7.6449053e-189 2.9163418e-189
   7.02613 5.8283941e-186 4.5979702e-186 9.3285872e-186 3.5586248e-186
   7.03363 6.6811200e-183 5.2706784e-183 1.0693411e-182 4.0792710e-183
   7.04113 7.1945929e-180 5.6757528e-180 1.1515245e-179 4.3927806e-180
   7.04863 7.2781295e-177 5.7416541e-177 1.1648949e-176 4.4437853e-177
   7.05613 6.9165564e-174 5.4564122e-174 1.1070236e-173 4.2230207e-174
   7.06363 6.1747114e-171 4.8711770e-171 9.8828826e-171 3.7700747e-171
   7.07113 5.1784526e-168 4.0852369e-168 8.2883288e-168 3.1617919e-168
   7.07863 4.0798099e-165 3.2185272e-165 6.5299056e-165 2.4909971e-165
   7.08613 3.0195099e-162 2.3820655e-162 4.8328512e-162 1.8436129e-162
   7.09363 2.0993729e-159 1.6561773e-159 3.3601336e-159 1.2818077e-159
   7.10113 1.3711952e-156 1.0817242e-156 2.1946550e-156 8.3720648e-157
   7.10863 8.4132851e-154 6.6371686e-154 1.3465813e-153 5.1368738e-154
   7.11613 4.8494056e-151 3.8256546e-151 7.7616754e-151 2.9608868e-151
   7.12363 2.6258385e-148 2.0715015e-148 4.2027638e-148 1.6032502e-148
   7.13113 1.3356852e-145 1.0537106e-145 2.1378197e-145 8.1552521e-146
   7.13863 6.3825878e-143 5.0351689e-143 1.0215597e-142 3.8969971e-143
   7.14613 2.8651415e-140 2.2602856e-140 4.5857782e-140 1.7493607e-140
   7.15363 1.2082365e-137 9.5316746e-138 1.9338328e-137 7.3770928e-138
   7.16113 4.7864600e-135 3.7759974e-135 7.6609284e-135 2.9224543e-135
   7.16863 1.7812854e-132 1.4052408e-132 2.8510214e-132 1.0875940e-132
   7.17613 6.2274345e-130 4.9127698e-130 9.9672680e-130 3.8022657e-130
   7.18363 2.0452266e-127 1.6134618e-127 3.2734702e-127 1.2487477e-127
   7.19113 6.3100134e-125 4.9779156e-125 1.0099439e-124 3.8526856e-125
   7.19863 1.8288401e-122 1.4427563e-122 2.9271346e-122 1.1166293e-122
   7.20613 4.9794087e-120 3.9282129e-120 7.9697508e-120 3.0402624e-120
   7.21363 1.2736099e-117 1.0047399e-117 2.0384656e-117 7.7762408e-118
   7.22113 3.0602129e-115 2.4141758e-115 4.8979981e-115 1.8684649e-115
   7.22863 6.9075411e-113 5.4493001e-113 1.1055807e-112 4.2175162e-113
   7.23613 1.4647109e-110 1.1554979e-110 2.3443307e-110 8.9430403e-111
   7.24363 2.9176750e-108 2.3017289e-108 4.6698603e-108 1.7814359e-108
   7.25113 5.4598226e-106 4.3072073e-106 8.7386732e-106 3.3335872e-106
   7.25863 9.5979114e-104 7.5717102e-104 1.5361857e-103 5.8601675e-104
   7.26613 1.5850083e-101 1.2503995e-101 2.5368717e-101 9.6775367e-102
   7.27363 2.4589117e-99 1.9398144e-99 3.9355905e-99 1.5013302e-99
   7.28113 3.5835291e-97 2.8270154e-97 5.7355874e-97 2.1879844e-97
   7.28863 4.9060901e-95 3.8703725e-95 7.8524013e-95 2.9954964e-95
   7.29613 6.3098161e-93 4.9777599e-93 1.0099123e-92 3.8525651e-93
   7.30363 7.6235013e-91 6.0141150e-91 1.2201731e-90 4.6546579e-91
   7.31113 8.6526443e-89 6.8259971e-89 1.3848917e-88 5.2830186e-89
   7.31863 9.2257104e-87 7.2780840e-87 1.4766133e-86 5.6329138e-87
   7.32613 9.2407534e-85 7.2899513e-85 1.4790210e-84 5.6420986e-85
   7.33363 8.6950391e-83 6.8594419e-83 1.3916772e-82 5.3089034e-83
   7.34113 7.6858568e-81 6.0633067e-81 1.2301534e-80 4.6927301e-81
   7.34863 6.3821886e-79 5.0348540e-79 1.0214958e-78 3.8967534e-79
   7.35613 4.9785581e-77 3.9275419e-77 7.9683893e-77 3.0397430e-77
   7.36363 3.6483300e-75 2.8781363e-75 5.8393040e-75 2.2275497e-75
   7.37113 2.5115466e-73 1.9813376e-73 4.0198349e-73 1.5334673e-73
   7.37863 1.6242204e-71 1.2813336e-71 2.5996324e-71 9.9169531e-72
   7.38613 9.8674581e-70 7.7843533e-70 1.5793277e-69 6.0247437e-70
   7.39363 5.6314756e-68 4.4426229e-68 9.0134110e-68 3.4383929e-68
   7.40113 3.0192267e-66 2.3818421e-66 4.8323979e-66 1.8434400e-66
   7.40863 1.5206379e-64 1.1996183e-64 2.4338443e-64 9.2845126e-65
   7.41613 7.1946973e-63 5.6758351e-63 1.1515412e-62 4.3928443e-63
   7.42363 3.1978333e-61 2.5227433e-61 5.1182652e-61 1.9524913e-61
   7.43113 1.3352289e-59 1.0533506e-59 2.1370893e-59 8.1524660e-60
   7.43863 5.2373572e-58 4.1317063e-58 8.3826081e-58 3.1977572e-58
   7.44613 1.9298576e-56 1.5224482e-56 3.0888175e-56 1.1783073e-56
   7.45363 6.6802844e-55 5.2700192e-55 1.0692073e-54 4.0787608e-55
   7.46113 2.1723071e-53 1.7137145e-53 3.4768679e-53 1.3263389e-53
   7.46863 6.6359650e-52 5.2350560e-52 1.0621138e-51 4.0517009e-52
   7.47613 1.9043359e-50 1.5023143e-50 3.0479688e-50 1.1627245e-50
   7.48363 5.1338077e-49 4.0500170e-49 8.2168729e-49 3.1345333e-49
   7.49113 1.3001464e-47 1.0256744e-47 2.0809384e-47 7.9382640e-48
   7.49863 3.0931536e-46 2.4401625e-46 4.9507211e-46 1.8885774e-46
   7.50613 6.9130123e-45 5.4536163e-45 1.1064564e-44 4.2208568e-45
   7.51363 1.4514088e-43 1.1450040e-43 2.3230403e-43 8.8618226e-44
   7.52113 2.8626536e-42 2.2583229e-42 4.5817962e-42 1.7478416e-42
   7.52863 5.3040110e-41 4.1842889e-41 8.4892904e-41 3.2384538e-41
   7.53613 9.2320179e-40 7.2830599e-40 1.4776229e-39 5.6367649e-40
   7.54363 1.5095429e-38 1.1908655e-38 2.4160862e-38 9.2167698e-39
   7.55113 2.3187336e-37 1.8292291e-37 3.7112296e-37 1.4157421e-37
   7.55863 3.3458993e-36 2.6395513e-36 5.3552510e-36 2.0428955e-36
   7.56613 4.5355657e-35 3.5780690e-35 7.2593616e-35 2.7692665e-35
   7.57363 5.7757270e-34 4.5564216e-34 9.2442913e-34 3.5264680e-34
   7.58113 6.9093699e-33 5.4507428e-33 1.1058734e-32 4.2186328e-33
   7.58863 7.7647383e-32 6.1255357e-32 1.2427787e-31 4.7408926e-32
   7.59613 8.1973184e-31 6.4667943e-31 1.3120149e-30 5.0050116e-31
   7.60363 8.1296786e-30 6.4134339e-30 1.3011889e-29 4.9637130e-30
   7.61113 7.5741088e-29 5.9751497e-29 1.2122676e-28 4.6245005e-29
   7.61863 6.6289738e-28 5.2295408e-28 1.0609948e-27 4.0474323e-28
   7.62613 5.4502655e-27 4.2996679e-27 8.7233768e-27 3.3277520e-27
   7.63363 4.2096464e-26 3.3209540e-26 6.7377142e-26 2.5702709e-26
   7.64113 3.0544299e-25 2.4096136e-25 4.8887421e-25 1.8649339e-25
   7.64863 2.0819548e-24 1.6424364e-24 3.3322553e-24 1.2711728e-24
   7.65613 1.3331194e-23 1.0516865e-23 2.1337130e-23 8.1395862e-24
   7.66363 8.0190583e-23 6.3261665e-23 1.2834836e-22 4.8961719e-23
   7.67113 4.5314198e-22 3.5747983e-22 7.2527259e-22 2.7667351e-22
   7.67863 2.4054804e-21 1.8976629e-21 3.8500714e-21 1.4687068e-21
   7.68613 1.1995709e-20 9.4633125e-21 1.9199632e-20 7.3241836e-21
   7.69363 5.6196161e-20 4.4332671e-20 8.9944294e-20 3.4311518e-20
   7.70113 2.4731130e-19 1.9510177e-19 3.9583202e-19 1.5100010e-19
   7.70863 1.0224401e-18 8.0659421e-19 1.6364578e-18 6.2426810e-19
   7.71613 3.9708945e-18 3.1326047e-18 6.3555819e-18 2.4244969e-18
   7.72363 1.4487566e-17 1.1429117e-17 2.3187953e-17 8.8456291e-18
   7.73113 4.9654559e-17 3.9172057e-17 7.9474187e-17 3.0317432e-17
   7.73863 1.5987458e-16 1.2612369e-16 2.5588591e-16 9.7614131e-17
   7.74613 4.8356658e-16 3.8148154e-16 7.7396844e-16 2.9524977e-16
   7.75363 1.3740095e-15 1.0839444e-15 2.1991595e-15 8.3892481e-16
   7.76113 3.6675819e-15 2.8933240e-15 5.8701174e-15 2.2393042e-15
   7.76863 9.1965826e-15 7.2551054e-15 1.4719513e-14 5.6151293e-15
   7.77613 2.1663555e-14 1.7090193e-14 3.4673422e-14 1.3227051e-14
   7.78363 4.7939067e-14 3.7818720e-14 7.6728472e-14 2.9270010e-14
   7.79113 9.9656591e-14 7.8618232e-14 1.5950452e-13 6.0847020e-14
   7.79863 1.9461623e-13 1.5353108e-13 3.1149138e-13 1.1882624e-13
   7.80613 3.5703328e-13 2.8166050e-13 5.7144662e-13 2.1799272e-13
   7.81363 6.1531135e-13 4.8541386e-13 9.8483142e-13 3.7568877e-13
   7.82113 9.9617985e-13 7.8587776e-13 1.5944273e-12 6.0823449e-13
   7.82863 1.5150856e-12 1.1952381e-12 2.4249576e-12 9.2506119e-13
   7.83613 2.1646774e-12 1.7076955e-12 3.4646563e-12 1.3216805e-12
   7.84363 2.9053991e-12 2.2920445e-12 4.6502121e-12 1.7739406e-12
   7.85113 3.6633212e-12 2.8899628e-12 5.8632980e-12 2.2367028e-12
   7.85863 4.3391114e-12 3.4230878e-12 6.9449283e-12 2.6493180e-12
   7.86613 4.8281771e-12 3.8089076e-12 7.7276983e-12 2.9479253e-12
   7.87363 5.0468707e-12 3.9814331e-12 8.0777265e-12 3.0814524e-12
   7.88113 4.9558455e-12 3.9096242e-12 7.9320370e-12 3.0258755e-12
   7.88863 4.5716181e-12 3.6065104e-12 7.3170649e-12 2.7912789e-12
   7.89613 3.9616738e-12 3.1253306e-12 6.3408237e-12 2.4188671e-12
   7.90363 3.2251066e-12 2.5442590e-12 5.1619174e-12 1.9691435e-12
   7.91113 2.4664144e-12 1.9457332e-12 3.9475988e-12 1.5059111e-12
   7.91863 1.7719220e-12 1.3978541e-12 2.8360349e-12 1.0818770e-12
   7.92613 1.1958584e-12 9.4340245e-13 1.9140211e-12 7.3015160e-13
   7.93363 7.5817856e-13 5.9812058e-13 1.2134963e-12 4.6291877e-13
   7.94113 4.5156455e-13 3.5623541e-13 7.2274785e-13 2.7571039e-13
   7.94863 2.5265319e-13 1.9931594e-13 4.0438194e-13 1.5426168e-13
   7.95613 1.3279640e-13 1.0476195e-13 2.1254617e-13 8.1081094e-14
   7.96363 6.5569887e-14 5.1727523e-14 1.0494733e-13 4.0034806e-14
   7.97113 3.0414393e-14 2.3993655e-14 4.8679502e-14 1.8570023e-14
   7.97863 1.3252886e-14 1.0455089e-14 2.1211796e-14 8.0917744e-15
   7.98613 5.4249831e-15 4.2797228e-15 8.6829112e-15 3.3123153e-15
   7.99363 2.0861373e-15 1.6457359e-15 3.3389496e-15 1.2737265e-15
   8.00113 7.5360539e-16 5.9451285e-16 1.2061768e-15 4.6012654e-16
   8.00863 2.5574178e-16 2.0175251e-16 4.0932537e-16 1.5614748e-16
   8.01613 8.1529726e-17 6.4318104e-17 1.3049172e-16 4.9779356e-17
   8.02363 2.4416694e-17 1.9262121e-17 3.9079935e-17 1.4908027e-17
   8.03113 6.8693295e-18 5.4191553e-18 1.0994648e-17 4.1941855e-18
   8.03863 1.8155091e-18 1.4322396e-18 2.9057978e-18 1.1084898e-18
   8.04613 4.5075349e-19 3.5559557e-19 7.2144971e-19 2.7521518e-19
   8.05363 1.0513235e-19 8.2938010e-20 1.6826870e-19 6.4190336e-20
   8.06113 2.3035106e-20 1.8172198e-20 3.6868646e-20 1.4064474e-20
   8.06863 4.7413354e-21 3.7403989e-21 7.5887046e-21 2.8949027e-21
   8.07613 9.1678548e-22 7.2324422e-22 1.4673533e-21 5.5975891e-22
   8.08363 1.6652957e-22 1.3137376e-22 2.6653751e-22 1.0167745e-22
   8.09113 2.8416567e-23 2.2417587e-23 4.5481898e-23 1.7350217e-23
   8.09863 4.5552105e-24 3.5935666e-24 7.2908039e-24 2.7812609e-24
   8.10613 6.8596487e-25 5.4115182e-25 1.0979153e-24 4.1882748e-25
   8.11363 9.7040249e-26 7.6554222e-26 1.5531696e-25 5.9249568e-26
   8.12113 1.2896104e-26 1.0173626e-26 2.0640751e-26 7.8739347e-27
   8.12863 1.6099846e-27 1.2701031e-27 2.5768474e-27 9.8300341e-28
   8.13613 1.8881720e-28 1.4895627e-28 3.0220978e-28 1.1528554e-28
   8.14363 2.0802616e-29 1.6411006e-29 3.3295452e-29 1.2701390e-29
   8.15113 2.1530343e-30 1.6985103e-30 3.4460210e-30 1.3145716e-30
   8.15863 2.0933437e-31 1.6514209e-31 3.3504837e-31 1.2781265e-31
   8.16613 1.9119949e-32 1.5083564e-32 3.0602274e-32 1.1674009e-32
   8.17363 1.6405502e-33 1.2942160e-33 2.6257688e-33 1.0016657e-33
   8.18113 1.3223575e-34 1.0431965e-34 2.1164882e-34 8.0738779e-35
   8.18863 1.0013015e-35 7.8991818e-36 1.6026247e-35 6.1136159e-36
   8.19613 7.1225816e-37 5.6189437e-37 1.1399988e-36 4.3488129e-37
   8.20363 4.7595577e-38 3.7547744e-38 7.6178701e-38 2.9060286e-38
   8.21113 2.9878057e-39 2.3570544e-39 4.7821074e-39 1.8242554e-39
   8.21863 1.7619546e-40 1.3899909e-40 2.8200816e-40 1.0757912e-40
   8.22613 9.7609852e-42 7.7003577e-42 1.5622863e-41 5.9597349e-42
   8.23363 5.0798302e-43 4.0074346e-43 8.1304796e-43 3.1015764e-43
   8.24113 2.4834838e-44 1.9591991e-44 3.9749192e-44 1.5163331e-44
   8.24863 1.1405913e-45 8.9980274e-46 1.8255639e-45 6.9640736e-46
   8.25613 4.9210230e-47 3.8821529e-47 7.8763020e-47 3.0046140e-47
   8.26363 1.9945159e-48 1.5734567e-48 3.1923047e-48 1.2177864e-48
   8.27113 7.5972455e-50 5.9939401e-50 1.2155993e-49 4.6418031e-50
   8.27863 3.7482330e-51 3.1330193e-51 4.7838729e-51 3.3278069e-51
   8.28613 3.1812752e-50 3.0508965e-50 1.3560088e-50 5.1369204e-50
   8.29363 9.1600015e-49 8.7890743e-49 3.8735078e-49 1.4817422e-48
   8.30113 2.4848001e-47 2.3841814e-47 1.0507431e-47 4.0194759e-47
   8.30863 6.3320647e-46 6.0756560e-46 2.6776291e-46 1.0242909e-45
   8.31613 1.5158486e-44 1.4544663e-44 6.4100424e-45 2.4520752e-44
   8.32363 3.4089677e-43 3.2709260e-43 1.4415442e-43 5.5144329e-43
   8.33113 7.2018912e-42 6.9102600e-42 3.0454511e-42 1.1649962e-41
   8.33863 1.4293113e-40 1.3714332e-40 6.0441036e-41 2.3120902e-40
   8.34613 2.6647942e-39 2.5568868e-39 1.1268569e-39 4.3106388e-39
   8.35363 4.6672076e-38 4.4782151e-38 1.9736139e-38 7.5497937e-38
   8.36113 7.6790441e-37 7.3680913e-37 3.2472240e-37 1.2421817e-36
   8.36863 1.1868991e-35 1.1388372e-35 5.0190195e-36 1.9199582e-35
   8.37613 1.7233641e-34 1.6535787e-34 7.2875596e-35 2.7877576e-34
   8.38363 2.3506982e-33 2.2555097e-33 9.9403563e-34 3.8025491e-33
   8.39113 3.0121271e-32 2.8901549e-32 1.2737329e-32 4.8724934e-32
   8.39863 3.6258206e-31 3.4789977e-31 1.5332444e-31 5.8652196e-31
   8.40613 4.1001139e-30 3.9340852e-30 1.7338080e-30 6.6324486e-30
   8.41363 4.3555413e-29 4.1791693e-29 1.8418201e-29 7.0456343e-29
   8.42113 4.3465526e-28 4.1705446e-28 1.8380191e-28 7.0310940e-28
   8.42863 4.0747816e-27 3.9097786e-27 1.7230958e-27 6.5914703e-27
   8.43613 3.5885610e-26 3.4432469e-26 1.5174885e-26 5.8049475e-26
   8.44363 2.9688819e-25 2.8486609e-25 1.2554459e-25 4.8025388e-25
   8.45113 2.3073958e-24 2.2139608e-24 9.7572444e-25 3.7325022e-24
   8.45863 1.6846430e-23 1.6164256e-23 7.1238204e-24 2.7251213e-23
   8.46613 1.1554476e-22 1.1086593e-22 4.8860211e-23 1.8690814e-22
   8.47363 7.4447346e-22 7.1432698e-22 3.1481419e-22 1.2042792e-21
   8.48113 4.5061411e-21 4.3236708e-21 1.9055040e-21 7.2892484e-21
   8.48863 2.5622231e-20 2.4584692e-20 1.0834828e-20 4.1447172e-20
   8.49613 1.3686289e-19 1.3132080e-19 5.7874970e-20 2.2139289e-19
   8.50363 6.8676956e-19 6.5895973e-19 2.9041305e-19 1.1109359e-18
   8.51113 3.2373748e-18 3.1062815e-18 1.3689830e-18 5.2368598e-18
   8.51863 1.4336116e-17 1.3755594e-17 6.0622885e-18 2.3190467e-17
   8.52613 5.9638492e-17 5.7223509e-17 2.5219225e-17 9.6472741e-17
   8.53363 2.3306571e-16 2.2362802e-16 9.8556089e-17 3.7701302e-16
   8.54113 8.5563137e-16 8.2098370e-16 3.6181935e-16 1.3840911e-15
   8.54863 2.9508805e-15 2.8313884e-15 1.2478337e-15 4.7734193e-15
   8.55613 9.5603354e-15 9.1732021e-15 4.0427623e-15 1.5465042e-14
   8.56363 2.9097202e-14 2.7918949e-14 1.2304283e-14 4.7068375e-14
   8.57113 8.3192837e-14 7.9824052e-14 3.5179610e-14 1.3457485e-13
   8.57863 2.2344839e-13 2.1440014e-13 9.4489231e-14 3.6145580e-13
   8.58613 5.6380007e-13 5.4096972e-13 2.3841315e-13 9.1201733e-13
   8.59363 1.3363789e-12 1.2822640e-12 5.6511221e-13 2.1617605e-12
   8.60113 2.9757106e-12 2.8552131e-12 1.2583335e-12 4.8135851e-12
   8.60863 6.2245558e-12 5.9725006e-12 2.6321671e-12 1.0069000e-11
   8.61613 1.2231582e-11 1.1736280e-11 5.1723478e-12 1.9786118e-11
   8.62363 2.2579457e-11 2.1665132e-11 9.5481358e-12 3.6525105e-11
   8.63113 3.9156238e-11 3.7570658e-11 1.6557930e-11 6.3340127e-11
   8.63863 6.3788886e-11 6.1205839e-11 2.6974295e-11 1.0318652e-10
   8.64613 9.7621543e-11 9.3668486e-11 4.1281052e-11 1.5791509e-10
   8.65363 1.4034693e-10 1.3466376e-10 5.9348261e-11 2.2702876e-10
   8.66113 1.8954693e-10 1.8187147e-10 8.0153379e-11 3.0661593e-10
   8.66863 2.4048455e-10 2.3074645e-10 1.0169328e-10 3.8901393e-10
   8.67613 2.8662510e-10 2.7501859e-10 1.2120466e-10 4.6365205e-10
   8.68363 3.2092078e-10 3.0792552e-10 1.3570721e-10 5.1912962e-10
   8.69113 3.3754996e-10 3.2388132e-10 1.4273916e-10 5.4602940e-10
   8.69863 3.3352998e-10 3.2002412e-10 1.4103924e-10 5.3952658e-10
   8.70613 3.0959097e-10 2.9705449e-10 1.3091619e-10 5.0080223e-10
   8.71363 2.6995930e-10 2.5902765e-10 1.1415722e-10 4.3669303e-10
   8.72113 2.2113877e-10 2.1218404e-10 9.3512565e-11 3.5771970e-10
   8.72863 1.7017199e-10 1.6328110e-10 7.1960333e-11 2.7527454e-10
   8.73613 1.2301778e-10 1.1803633e-10 5.2020312e-11 1.9899668e-10
   8.74363 8.3541882e-11 8.0158963e-11 3.5327210e-11 1.3513947e-10
   8.75113 5.3296321e-11 5.1138156e-11 2.2537322e-11 8.6213485e-11
   8.75863 3.1940875e-11 3.0647471e-11 1.3506782e-11 5.1668372e-11
   8.76613 1.7982620e-11 1.7254438e-11 7.6042793e-12 2.9089144e-11
   8.77363 9.5107713e-12 9.1256451e-12 4.0218033e-12 1.5384866e-11
   8.78113 4.7253621e-12 4.5340148e-12 1.9982056e-12 7.6438660e-12
   8.78863 2.2055202e-12 2.1162106e-12 9.3264450e-13 3.5677057e-12
   8.79613 9.6703813e-13 9.2787918e-13 4.0892972e-13 1.5643055e-12
   8.80363 3.9832057e-13 3.8219110e-13 1.6843713e-13 6.4433349e-13
   8.81113 1.5412691e-13 1.4788574e-13 6.5175378e-14 2.4931961e-13
   8.81863 5.6024864e-14 5.3756210e-14 2.3691136e-14 9.0627245e-14
   8.82613 1.9131091e-14 1.8356402e-14 8.0899310e-15 3.0946939e-14
   8.83363 6.1369878e-15 5.8884785e-15 2.5951373e-15 9.9273475e-15
   8.84113 1.8493852e-15 1.7744968e-15 7.8204629e-16 2.9916125e-15
   8.84863 5.2354750e-16 5.0234713e-16 2.2139162e-16 8.4690375e-16
   8.85613 1.3923275e-16 1.3359470e-16 5.8877109e-17 2.2522643e-16
   8.86363 3.4784302e-17 3.3375757e-17 1.4709177e-17 5.6267972e-17
   8.87113 8.1636014e-18 7.8330271e-18 3.4521279e-18 1.3205649e-17
   8.87863 1.7998524e-18 1.7269697e-18 7.6110043e-19 2.9114870e-18
   8.88613 3.7277654e-19 3.5768144e-19 1.5763537e-19 6.0301281e-19
   8.89363 7.2529895e-20 6.9592878e-20 3.0670614e-20 1.1732619e-19
   8.90113 1.3257360e-20 1.2720324e-20 5.6064653e-21 2.1445292e-20
   8.90863 2.2825878e-21 2.1874958e-21 9.6994091e-22 3.6903267e-21
   8.91613 4.4736514e-22 3.9547815e-22 2.4890026e-22 6.9771701e-22
   8.92363 1.0115849e-21 5.6808101e-22 1.1396467e-21 1.3270269e-21
   8.93113 1.0712034e-20 5.7708627e-21 1.2500959e-20 1.3864280e-20
   8.93863 1.1259718e-19 6.0624540e-20 1.3146227e-19 1.4570472e-19
   8.94613 1.1126351e-18 5.9906031e-19 1.2990592e-18 1.4397857e-18
   8.95363 1.0328531e-17 5.5610439e-18 1.2059098e-17 1.3365453e-17
   8.96113 9.0070183e-17 4.8495204e-17 1.0516162e-16 1.1655372e-16
   8.96863 7.3787043e-16 3.9728105e-16 8.6150210e-16 9.5482813e-16
   8.97613 5.6785279e-15 3.0574088e-15 6.6299766e-15 7.3481982e-15
   8.98363 4.1053294e-14 2.2103740e-14 4.7931856e-14 5.3124287e-14
   8.99113 2.7881547e-13 1.5011864e-13 3.2553156e-13 3.6079620e-13
   8.99863 1.7788622e-12 9.5776740e-13 2.0769141e-12 2.3019050e-12
   9.00613 1.0661648e-11 5.7403991e-12 1.2448028e-11 1.3796516e-11
   9.01363 6.0029257e-11 3.2320697e-11 7.0087280e-11 7.7679795e-11
   9.02113 3.1751058e-10 1.7095269e-10 3.7071011e-10 4.1086892e-10
   9.02863 1.5776477e-09 8.4943033e-10 1.8419857e-09 2.0415269e-09
   9.03613 7.3640789e-09 3.9649360e-09 8.5979451e-09 9.5293556e-09
   9.04363 3.2291145e-08 1.7386061e-08 3.7701591e-08 4.1785783e-08
   9.05113 1.3301636e-07 7.1618100e-08 1.5530351e-07 1.7212745e-07
   9.05863 5.1473446e-07 2.7714114e-07 6.0097926e-07 6.6608300e-07
   9.06613 1.8711907e-06 1.0074785e-06 2.1847124e-06 2.4213811e-06
   9.07363 6.3901262e-06 3.4405445e-06 7.4608046e-06 8.2690293e-06
   9.08113 2.0500168e-05 1.1037613e-05 2.3935012e-05 2.6527878e-05
   9.08863 6.1782005e-05 3.3264404e-05 7.2133704e-05 7.9947907e-05
   9.09613 1.7491344e-04 9.4176148e-05 2.0422053e-04 2.2634363e-04
   9.10363 4.6520132e-04 2.5047172e-04 5.4314674e-04 6.0198552e-04
   9.11113 1.1622922e-03 6.2579639e-04 1.3570365e-03 1.5040435e-03
   9.11863 2.7280119e-03 1.4688046e-03 3.1850958e-03 3.5301354e-03
   9.12613 6.0149749e-03 3.2385572e-03 7.0227961e-03 7.7835715e-03
   9.13363 1.2458850e-02 6.7080412e-03 1.4546356e-02 1.6122154e-02
   9.14113 2.4242573e-02 1.3052583e-02 2.8304465e-02 3.1370671e-02
   9.14863 4.4313500e-02 2.3859086e-02 5.1738316e-02 5.7343098e-02
   9.15613 7.6093925e-02 4.0970167e-02 8.8843615e-02 9.8467993e-02
   9.16363 1.2274972e-01 6.6090382e-02 1.4331668e-01 1.5884210e-01
   9.17113 1.8601486e-01 1.0015333e-01 2.1718202e-01 2.4070923e-01
   9.17863 2.6480816e-01 1.4257688e-01 3.0917729e-01 3.4267029e-01
   9.18613 3.5413730e-01 1.9067310e-01 4.1347372e-01 4.5826509e-01
   9.19363 4.4490632e-01 2.3954457e-01 5.1945127e-01 5.7572313e-01
   9.20113 5.2507590e-01 2.8270913e-01 6.1305342e-01 6.7946514e-01
   9.20863 5.8214635e-01 3.1343676e-01 6.7968614e-01 7.5331615e-01
   9.21613 6.0631578e-01 3.2644996e-01 7.0790521e-01 7.8459218e-01
   9.22363 5.9322871e-01 3.1940368e-01 6.9262537e-01 7.6765708e-01
   9.23113 5.4525800e-01 2.9357549e-01 6.3661707e-01 7.0558143e-01
   9.23863 4.7080224e-01 2.5348734e-01 5.4968610e-01 6.0923328e-01
   9.24613 3.8188411e-01 2.0561242e-01 4.4586957e-01 4.9417036e-01
   9.25363 2.9099214e-01 1.5667475e-01 3.3974846e-01 3.7655322e-01
   9.26113 2.0829916e-01 1.1215155e-01 2.4320011e-01 2.6954583e-01
   9.26863 1.4007169e-01 7.5416805e-02 1.6354099e-01 1.8125729e-01
   9.27613 8.8485036e-02 4.7641736e-02 1.0331088e-01 1.1450249e-01
   9.28363 5.2510467e-02 2.8272462e-02 6.1308701e-02 6.7950237e-02
   9.29113 2.9273761e-02 1.5761454e-02 3.4178638e-02 3.7881191e-02
   9.29863 1.5330904e-02 8.2543999e-03 1.7899627e-02 1.9838684e-02
   9.30613 7.5424699e-03 4.0609845e-03 8.8062259e-03 9.7601994e-03
   9.31363 3.4859088e-03 1.8768681e-03 4.0699798e-03 4.5108783e-03
   9.32113 1.5134742e-03 8.1487836e-04 1.7670599e-03 1.9584845e-03
   9.32863 6.1729200e-04 3.3235973e-04 7.2072052e-04 7.9879576e-04
   9.33613 2.3651727e-04 1.2734462e-04 2.7614622e-04 3.0606098e-04
