# Photoabsorption spectrum from real-time propagation
# GPAW version: 19.8.1
# Total time = 14.9900 fs, Time steps = [10.0000] as
# Kick = [0.001, 0, 0]
# Gaussian folding, Width = 0.1500 eV = 0.005512 Hartree <=> FWHM = 0.353223 eV
#    om (eV)                  S_x                  S_y                  S_z
    0.000000     0.0000000000e+00     0.0000000000e+00     0.0000000000e+00
    0.050000     5.1916023643e-04     0.0000000000e+00     0.0000000000e+00
    0.100000     1.9664295959e-03     0.0000000000e+00     0.0000000000e+00
    0.150000     4.2081244339e-03     0.0000000000e+00     0.0000000000e+00
    0.200000     7.3368616536e-03     0.0000000000e+00     0.0000000000e+00
    0.250000     1.1475940093e-02     0.0000000000e+00     0.0000000000e+00
    0.300000     1.6299645598e-02     0.0000000000e+00     0.0000000000e+00
    0.350000     2.0978325442e-02     0.0000000000e+00     0.0000000000e+00
    0.400000     2.4816710901e-02     0.0000000000e+00     0.0000000000e+00
    0.450000     2.7901406107e-02     0.0000000000e+00     0.0000000000e+00
    0.500000     3.0917541003e-02     0.0000000000e+00     0.0000000000e+00
    0.550000     3.4302378294e-02     0.0000000000e+00     0.0000000000e+00
    0.600000     3.7838527710e-02     0.0000000000e+00    -0.0000000000e+00
    0.650000     4.1325868903e-02     0.0000000000e+00    -0.0000000000e+00
    0.700000     4.5546803027e-02     0.0000000000e+00    -0.0000000000e+00
    0.750000     5.2210653882e-02     0.0000000000e+00    -0.0000000000e+00
    0.800000     6.2831327778e-02     0.0000000000e+00    -0.0000000000e+00
    0.850000     7.8077676260e-02     0.0000000000e+00     0.0000000000e+00
    0.900000     9.8811533172e-02     0.0000000000e+00     0.0000000000e+00
    0.950000     1.2777836333e-01    -0.0000000000e+00     0.0000000000e+00
    1.000000     1.6941419890e-01    -0.0000000000e+00     0.0000000000e+00
    1.050000     2.2676887348e-01    -0.0000000000e+00     0.0000000000e+00
    1.100000     2.9788733723e-01    -0.0000000000e+00     0.0000000000e+00
    1.150000     3.7532159827e-01    -0.0000000000e+00     0.0000000000e+00
    1.200000     4.4980792958e-01    -0.0000000000e+00     0.0000000000e+00
    1.250000     5.1517063163e-01     0.0000000000e+00     0.0000000000e+00
    1.300000     5.7069582601e-01     0.0000000000e+00     0.0000000000e+00
    1.350000     6.2050004386e-01     0.0000000000e+00     0.0000000000e+00
    1.400000     6.7275916720e-01     0.0000000000e+00    -0.0000000000e+00
    1.450000     7.4094740446e-01     0.0000000000e+00    -0.0000000000e+00
    1.500000     8.4583446722e-01     0.0000000000e+00    -0.0000000000e+00
    1.550000     1.0164364761e+00     0.0000000000e+00    -0.0000000000e+00
    1.600000     1.2923105176e+00     0.0000000000e+00     0.0000000000e+00
    1.650000     1.7320998408e+00     0.0000000000e+00     0.0000000000e+00
    1.700000     2.4257581140e+00     0.0000000000e+00     0.0000000000e+00
    1.750000     3.4927963551e+00     0.0000000000e+00     0.0000000000e+00
    1.800000     5.0428409216e+00     0.0000000000e+00     0.0000000000e+00
    1.850000     7.0943080764e+00     0.0000000000e+00     0.0000000000e+00
    1.900000     9.4872276291e+00     0.0000000000e+00     0.0000000000e+00
    1.950000     1.1855947583e+01     0.0000000000e+00     0.0000000000e+00
    2.000000     1.3712026414e+01     0.0000000000e+00     0.0000000000e+00
    2.050000     1.4623580014e+01     0.0000000000e+00     0.0000000000e+00
    2.100000     1.4405001762e+01     0.0000000000e+00     0.0000000000e+00
    2.150000     1.3207436030e+01     0.0000000000e+00     0.0000000000e+00
    2.200000     1.1451789312e+01     0.0000000000e+00     0.0000000000e+00
    2.250000     9.6410337710e+00     0.0000000000e+00     0.0000000000e+00
    2.300000     8.1596546247e+00     0.0000000000e+00     0.0000000000e+00
    2.350000     7.1653444108e+00     0.0000000000e+00     0.0000000000e+00
    2.400000     6.6085981802e+00     0.0000000000e+00     0.0000000000e+00
    2.450000     6.3354554192e+00     0.0000000000e+00     0.0000000000e+00
    2.500000     6.1938947249e+00     0.0000000000e+00     0.0000000000e+00
    2.550000     6.0889910036e+00     0.0000000000e+00     0.0000000000e+00
    2.600000     5.9832623691e+00     0.0000000000e+00     0.0000000000e+00
    2.650000     5.8725446487e+00     0.0000000000e+00     0.0000000000e+00
    2.700000     5.7661701470e+00     0.0000000000e+00     0.0000000000e+00
    2.750000     5.6787730617e+00     0.0000000000e+00     0.0000000000e+00
    2.800000     5.6259651701e+00     0.0000000000e+00     0.0000000000e+00
    2.850000     5.6180367066e+00    -0.0000000000e+00    -0.0000000000e+00
    2.900000     5.6549200457e+00    -0.0000000000e+00    -0.0000000000e+00
    2.950000     5.7278571529e+00    -0.0000000000e+00    -0.0000000000e+00
    3.000000     5.8265104380e+00    -0.0000000000e+00     0.0000000000e+00
    3.050000     5.9442259298e+00    -0.0000000000e+00     0.0000000000e+00
    3.100000     6.0766621728e+00    -0.0000000000e+00     0.0000000000e+00
    3.150000     6.2169080893e+00    -0.0000000000e+00     0.0000000000e+00
    3.200000     6.3540432061e+00    -0.0000000000e+00     0.0000000000e+00
    3.250000     6.4776219477e+00     0.0000000000e+00     0.0000000000e+00
    3.300000     6.5834102348e+00     0.0000000000e+00     0.0000000000e+00
    3.350000     6.6742266959e+00     0.0000000000e+00     0.0000000000e+00
    3.400000     6.7552979319e+00     0.0000000000e+00     0.0000000000e+00
    3.450000     6.8294063452e+00     0.0000000000e+00     0.0000000000e+00
    3.500000     6.8966845881e+00     0.0000000000e+00     0.0000000000e+00
    3.550000     6.9581866310e+00     0.0000000000e+00     0.0000000000e+00
    3.600000     7.0182506025e+00     0.0000000000e+00     0.0000000000e+00
    3.650000     7.0826878560e+00     0.0000000000e+00     0.0000000000e+00
    3.700000     7.1551309717e+00     0.0000000000e+00     0.0000000000e+00
    3.750000     7.2360171785e+00     0.0000000000e+00    -0.0000000000e+00
    3.800000     7.3253381499e+00     0.0000000000e+00    -0.0000000000e+00
    3.850000     7.4256911528e+00    -0.0000000000e+00     0.0000000000e+00
    3.900000     7.5418364390e+00    -0.0000000000e+00     0.0000000000e+00
    3.950000     7.6771705314e+00    -0.0000000000e+00     0.0000000000e+00
    4.000000     7.8311762838e+00    -0.0000000000e+00     0.0000000000e+00
    4.050000     8.0007203489e+00    -0.0000000000e+00     0.0000000000e+00
    4.100000     8.1835516576e+00    -0.0000000000e+00     0.0000000000e+00
    4.150000     8.3798820860e+00    -0.0000000000e+00     0.0000000000e+00
    4.200000     8.5903379857e+00    -0.0000000000e+00     0.0000000000e+00
    4.250000     8.8129121554e+00    -0.0000000000e+00    -0.0000000000e+00
    4.300000     9.0426848090e+00     0.0000000000e+00    -0.0000000000e+00
    4.350000     9.2747488369e+00     0.0000000000e+00    -0.0000000000e+00
    4.400000     9.5069601217e+00     0.0000000000e+00    -0.0000000000e+00
    4.450000     9.7393200214e+00     0.0000000000e+00     0.0000000000e+00
    4.500000     9.9707218430e+00     0.0000000000e+00     0.0000000000e+00
    4.550000     1.0196846001e+01     0.0000000000e+00     0.0000000000e+00
    4.600000     1.0411649310e+01     0.0000000000e+00     0.0000000000e+00
    4.650000     1.0610784721e+01     0.0000000000e+00     0.0000000000e+00
    4.700000     1.0793180016e+01     0.0000000000e+00     0.0000000000e+00
    4.750000     1.0959238821e+01     0.0000000000e+00     0.0000000000e+00
    4.800000     1.1107997326e+01     0.0000000000e+00     0.0000000000e+00
    4.850000     1.1236601495e+01     0.0000000000e+00     0.0000000000e+00
    4.900000     1.1342632026e+01     0.0000000000e+00     0.0000000000e+00
    4.950000     1.1426557687e+01     0.0000000000e+00     0.0000000000e+00
    5.000000     1.1491696408e+01     0.0000000000e+00     0.0000000000e+00
    5.050000     1.1542171944e+01     0.0000000000e+00     0.0000000000e+00
    5.100000     1.1581604686e+01    -0.0000000000e+00     0.0000000000e+00
    5.150000     1.1613981167e+01    -0.0000000000e+00     0.0000000000e+00
    5.200000     1.1645005730e+01    -0.0000000000e+00    -0.0000000000e+00
    5.250000     1.1681240817e+01    -0.0000000000e+00    -0.0000000000e+00
    5.300000     1.1726915825e+01     0.0000000000e+00    -0.0000000000e+00
    5.350000     1.1781469211e+01     0.0000000000e+00    -0.0000000000e+00
    5.400000     1.1840766260e+01     0.0000000000e+00     0.0000000000e+00
    5.450000     1.1901302080e+01     0.0000000000e+00     0.0000000000e+00
    5.500000     1.1963477978e+01     0.0000000000e+00     0.0000000000e+00
    5.550000     1.2030864656e+01     0.0000000000e+00     0.0000000000e+00
    5.600000     1.2106418661e+01    -0.0000000000e+00     0.0000000000e+00
    5.650000     1.2189514363e+01    -0.0000000000e+00     0.0000000000e+00
    5.700000     1.2276368285e+01    -0.0000000000e+00     0.0000000000e+00
    5.750000     1.2362624642e+01    -0.0000000000e+00     0.0000000000e+00
    5.800000     1.2444860442e+01    -0.0000000000e+00     0.0000000000e+00
    5.850000     1.2519593908e+01    -0.0000000000e+00     0.0000000000e+00
    5.900000     1.2581630145e+01     0.0000000000e+00     0.0000000000e+00
    5.950000     1.2624372104e+01     0.0000000000e+00     0.0000000000e+00
    6.000000     1.2642248497e+01     0.0000000000e+00    -0.0000000000e+00
    6.050000     1.2632734909e+01     0.0000000000e+00    -0.0000000000e+00
    6.100000     1.2595800151e+01     0.0000000000e+00    -0.0000000000e+00
    6.150000     1.2531572962e+01     0.0000000000e+00     0.0000000000e+00
    6.200000     1.2439071922e+01     0.0000000000e+00     0.0000000000e+00
    6.250000     1.2317545468e+01     0.0000000000e+00     0.0000000000e+00
    6.300000     1.2168851833e+01    -0.0000000000e+00     0.0000000000e+00
    6.350000     1.1998032857e+01    -0.0000000000e+00     0.0000000000e+00
    6.400000     1.1811291651e+01    -0.0000000000e+00     0.0000000000e+00
    6.450000     1.1613556862e+01    -0.0000000000e+00    -0.0000000000e+00
    6.500000     1.1408234144e+01     0.0000000000e+00    -0.0000000000e+00
    6.550000     1.1199145027e+01     0.0000000000e+00     0.0000000000e+00
    6.600000     1.0992097136e+01     0.0000000000e+00     0.0000000000e+00
    6.650000     1.0794001541e+01     0.0000000000e+00     0.0000000000e+00
    6.700000     1.0610374033e+01     0.0000000000e+00     0.0000000000e+00
    6.750000     1.0443990753e+01     0.0000000000e+00     0.0000000000e+00
    6.800000     1.0296156578e+01     0.0000000000e+00     0.0000000000e+00
    6.850000     1.0169036745e+01     0.0000000000e+00    -0.0000000000e+00
    6.900000     1.0066318759e+01     0.0000000000e+00    -0.0000000000e+00
    6.950000     9.9914794490e+00     0.0000000000e+00    -0.0000000000e+00
    7.000000     9.9457631499e+00     0.0000000000e+00     0.0000000000e+00
    7.050000     9.9283194011e+00    -0.0000000000e+00     0.0000000000e+00
    7.100000     9.9384194833e+00    -0.0000000000e+00     0.0000000000e+00
    7.150000     9.9772441415e+00    -0.0000000000e+00     0.0000000000e+00
    7.200000     1.0047245853e+01    -0.0000000000e+00     0.0000000000e+00
    7.250000     1.0149925055e+01    -0.0000000000e+00     0.0000000000e+00
    7.300000     1.0284695608e+01     0.0000000000e+00     0.0000000000e+00
    7.350000     1.0450212199e+01    -0.0000000000e+00     0.0000000000e+00
    7.400000     1.0646631239e+01    -0.0000000000e+00     0.0000000000e+00
    7.450000     1.0876177448e+01    -0.0000000000e+00     0.0000000000e+00
    7.500000     1.1141370416e+01    -0.0000000000e+00     0.0000000000e+00
    7.550000     1.1443002124e+01    -0.0000000000e+00     0.0000000000e+00
    7.600000     1.1780246594e+01     0.0000000000e+00     0.0000000000e+00
    7.650000     1.2152791685e+01     0.0000000000e+00     0.0000000000e+00
    7.700000     1.2562522814e+01     0.0000000000e+00     0.0000000000e+00
    7.750000     1.3012808498e+01     0.0000000000e+00     0.0000000000e+00
    7.800000     1.3506220976e+01     0.0000000000e+00    -0.0000000000e+00
    7.850000     1.4043322807e+01     0.0000000000e+00    -0.0000000000e+00
    7.900000     1.4623879865e+01     0.0000000000e+00    -0.0000000000e+00
    7.950000     1.5249024589e+01     0.0000000000e+00     0.0000000000e+00
    8.000000     1.5921804948e+01     0.0000000000e+00     0.0000000000e+00
    8.050000     1.6645467387e+01     0.0000000000e+00     0.0000000000e+00
    8.100000     1.7421481138e+01     0.0000000000e+00     0.0000000000e+00
    8.150000     1.8249605441e+01     0.0000000000e+00     0.0000000000e+00
    8.200000     1.9129898154e+01     0.0000000000e+00     0.0000000000e+00
    8.250000     2.0064282462e+01     0.0000000000e+00     0.0000000000e+00
    8.300000     2.1055789993e+01     0.0000000000e+00     0.0000000000e+00
    8.350000     2.2106282137e+01     0.0000000000e+00     0.0000000000e+00
    8.400000     2.3215171983e+01     0.0000000000e+00    -0.0000000000e+00
    8.450000     2.4380428744e+01     0.0000000000e+00    -0.0000000000e+00
    8.500000     2.5600427045e+01     0.0000000000e+00    -0.0000000000e+00
    8.550000     2.6874220006e+01     0.0000000000e+00    -0.0000000000e+00
    8.600000     2.8199739558e+01     0.0000000000e+00     0.0000000000e+00
    8.650000     2.9572006219e+01     0.0000000000e+00     0.0000000000e+00
    8.700000     3.0983616331e+01     0.0000000000e+00     0.0000000000e+00
    8.750000     3.2427296645e+01     0.0000000000e+00     0.0000000000e+00
    8.800000     3.3898016606e+01     0.0000000000e+00     0.0000000000e+00
    8.850000     3.5392684802e+01     0.0000000000e+00     0.0000000000e+00
    8.900000     3.6908208538e+01    -0.0000000000e+00     0.0000000000e+00
    8.950000     3.8440483559e+01    -0.0000000000e+00     0.0000000000e+00
    9.000000     3.9985652421e+01    -0.0000000000e+00     0.0000000000e+00
    9.050000     4.1542173271e+01    -0.0000000000e+00     0.0000000000e+00
    9.100000     4.3111130682e+01     0.0000000000e+00     0.0000000000e+00
    9.150000     4.4694079504e+01     0.0000000000e+00     0.0000000000e+00
    9.200000     4.6290384543e+01     0.0000000000e+00     0.0000000000e+00
    9.250000     4.7896435109e+01     0.0000000000e+00     0.0000000000e+00
    9.300000     4.9506854786e+01     0.0000000000e+00    -0.0000000000e+00
    9.350000     5.1115571154e+01     0.0000000000e+00    -0.0000000000e+00
    9.400000     5.2714976469e+01     0.0000000000e+00    -0.0000000000e+00
    9.450000     5.4293904113e+01     0.0000000000e+00     0.0000000000e+00
    9.500000     5.5836771910e+01     0.0000000000e+00     0.0000000000e+00
    9.550000     5.7325048888e+01     0.0000000000e+00     0.0000000000e+00
    9.600000     5.8739583969e+01    -0.0000000000e+00     0.0000000000e+00
    9.650000     6.0061406365e+01    -0.0000000000e+00     0.0000000000e+00
    9.700000     6.1270527884e+01    -0.0000000000e+00     0.0000000000e+00
    9.750000     6.2344849750e+01    -0.0000000000e+00     0.0000000000e+00
    9.800000     6.3261474313e+01    -0.0000000000e+00     0.0000000000e+00
    9.850000     6.4000218989e+01    -0.0000000000e+00     0.0000000000e+00
    9.900000     6.4546719057e+01    -0.0000000000e+00     0.0000000000e+00
    9.950000     6.4892900657e+01     0.0000000000e+00     0.0000000000e+00
   10.000000     6.5035319344e+01     0.0000000000e+00     0.0000000000e+00
   10.050000     6.4973782948e+01     0.0000000000e+00    -0.0000000000e+00
   10.100000     6.4711676572e+01     0.0000000000e+00    -0.0000000000e+00
   10.150000     6.4256775398e+01     0.0000000000e+00    -0.0000000000e+00
   10.200000     6.3620257314e+01     0.0000000000e+00    -0.0000000000e+00
   10.250000     6.2813473354e+01     0.0000000000e+00     0.0000000000e+00
   10.300000     6.1844734421e+01     0.0000000000e+00     0.0000000000e+00
   10.350000     6.0718809943e+01    -0.0000000000e+00     0.0000000000e+00
   10.400000     5.9439426092e+01    -0.0000000000e+00     0.0000000000e+00
   10.450000     5.8012413830e+01    -0.0000000000e+00     0.0000000000e+00
   10.500000     5.6447102056e+01     0.0000000000e+00     0.0000000000e+00
   10.550000     5.4755912055e+01     0.0000000000e+00     0.0000000000e+00
   10.600000     5.2954037567e+01     0.0000000000e+00     0.0000000000e+00
   10.650000     5.1060415149e+01     0.0000000000e+00     0.0000000000e+00
   10.700000     4.9098884396e+01     0.0000000000e+00     0.0000000000e+00
   10.750000     4.7097403277e+01     0.0000000000e+00     0.0000000000e+00
   10.800000     4.5084777933e+01     0.0000000000e+00     0.0000000000e+00
   10.850000     4.3086810441e+01     0.0000000000e+00     0.0000000000e+00
   10.900000     4.1124252875e+01     0.0000000000e+00     0.0000000000e+00
   10.950000     3.9212946460e+01     0.0000000000e+00     0.0000000000e+00
   11.000000     3.7364378919e+01     0.0000000000e+00    -0.0000000000e+00
   11.050000     3.5585080461e+01     0.0000000000e+00    -0.0000000000e+00
   11.100000     3.3875477091e+01    -0.0000000000e+00    -0.0000000000e+00
   11.150000     3.2230304178e+01    -0.0000000000e+00     0.0000000000e+00
   11.200000     3.0641550508e+01    -0.0000000000e+00     0.0000000000e+00
   11.250000     2.9102345605e+01    -0.0000000000e+00     0.0000000000e+00
   11.300000     2.7609151589e+01    -0.0000000000e+00     0.0000000000e+00
   11.350000     2.6161330236e+01    -0.0000000000e+00     0.0000000000e+00
   11.400000     2.4759722315e+01    -0.0000000000e+00     0.0000000000e+00
   11.450000     2.3406426920e+01    -0.0000000000e+00     0.0000000000e+00
   11.500000     2.2105981520e+01    -0.0000000000e+00     0.0000000000e+00
   11.550000     2.0866031054e+01     0.0000000000e+00     0.0000000000e+00
   11.600000     1.9695854435e+01     0.0000000000e+00     0.0000000000e+00
   11.650000     1.8603473349e+01     0.0000000000e+00     0.0000000000e+00
   11.700000     1.7593728622e+01     0.0000000000e+00    -0.0000000000e+00
   11.750000     1.6668692963e+01     0.0000000000e+00    -0.0000000000e+00
   11.800000     1.5829232725e+01     0.0000000000e+00     0.0000000000e+00
   11.850000     1.5075377041e+01     0.0000000000e+00     0.0000000000e+00
   11.900000     1.4404723990e+01     0.0000000000e+00     0.0000000000e+00
   11.950000     1.3810574636e+01     0.0000000000e+00     0.0000000000e+00
   12.000000     1.3281977890e+01     0.0000000000e+00     0.0000000000e+00
   12.050000     1.2805833713e+01     0.0000000000e+00    -0.0000000000e+00
   12.100000     1.2369020380e+01    -0.0000000000e+00     0.0000000000e+00
   12.150000     1.1958719217e+01    -0.0000000000e+00     0.0000000000e+00
   12.200000     1.1561439574e+01     0.0000000000e+00     0.0000000000e+00
   12.250000     1.1162943135e+01     0.0000000000e+00     0.0000000000e+00
   12.300000     1.0750308792e+01     0.0000000000e+00     0.0000000000e+00
   12.350000     1.0314846094e+01     0.0000000000e+00     0.0000000000e+00
   12.400000     9.8533891360e+00     0.0000000000e+00     0.0000000000e+00
   12.450000     9.3670618641e+00     0.0000000000e+00     0.0000000000e+00
   12.500000     8.8591231893e+00     0.0000000000e+00     0.0000000000e+00
   12.550000     8.3341111523e+00     0.0000000000e+00    -0.0000000000e+00
   12.600000     7.7985795443e+00    -0.0000000000e+00    -0.0000000000e+00
   12.650000     7.2615744845e+00    -0.0000000000e+00    -0.0000000000e+00
   12.700000     6.7331756611e+00    -0.0000000000e+00     0.0000000000e+00
   12.750000     6.2217250658e+00    -0.0000000000e+00     0.0000000000e+00
   12.800000     5.7320778426e+00    -0.0000000000e+00     0.0000000000e+00
   12.850000     5.2662907551e+00    -0.0000000000e+00     0.0000000000e+00
   12.900000     4.8256284909e+00    -0.0000000000e+00     0.0000000000e+00
   12.950000     4.4115197147e+00    -0.0000000000e+00     0.0000000000e+00
   13.000000     4.0245504562e+00    -0.0000000000e+00     0.0000000000e+00
   13.050000     3.6630265117e+00    -0.0000000000e+00     0.0000000000e+00
   13.100000     3.3232194170e+00     0.0000000000e+00     0.0000000000e+00
   13.150000     3.0014627949e+00     0.0000000000e+00     0.0000000000e+00
   13.200000     2.6960700300e+00     0.0000000000e+00     0.0000000000e+00
   13.250000     2.4071705741e+00     0.0000000000e+00     0.0000000000e+00
   13.300000     2.1348755852e+00     0.0000000000e+00     0.0000000000e+00
   13.350000     1.8780052622e+00     0.0000000000e+00     0.0000000000e+00
   13.400000     1.6348392855e+00     0.0000000000e+00     0.0000000000e+00
   13.450000     1.4049066012e+00     0.0000000000e+00    -0.0000000000e+00
   13.500000     1.1895706169e+00     0.0000000000e+00    -0.0000000000e+00
   13.550000     9.9055672143e-01    -0.0000000000e+00    -0.0000000000e+00
   13.600000     8.0798142328e-01    -0.0000000000e+00    -0.0000000000e+00
   13.650000     6.4005845379e-01    -0.0000000000e+00     0.0000000000e+00
   13.700000     4.8475633075e-01     0.0000000000e+00     0.0000000000e+00
   13.750000     3.4147454551e-01     0.0000000000e+00     0.0000000000e+00
   13.800000     2.1085006396e-01     0.0000000000e+00     0.0000000000e+00
   13.850000     9.3028074968e-02     0.0000000000e+00     0.0000000000e+00
   13.900000    -1.3478207223e-02     0.0000000000e+00     0.0000000000e+00
   13.950000    -1.1094407060e-01     0.0000000000e+00     0.0000000000e+00
   14.000000    -2.0059249424e-01     0.0000000000e+00     0.0000000000e+00
   14.050000    -2.8196636476e-01     0.0000000000e+00     0.0000000000e+00
   14.100000    -3.5433554922e-01     0.0000000000e+00    -0.0000000000e+00
   14.150000    -4.1856762746e-01     0.0000000000e+00    -0.0000000000e+00
   14.200000    -4.7729545521e-01     0.0000000000e+00    -0.0000000000e+00
   14.250000    -5.3313817780e-01     0.0000000000e+00     0.0000000000e+00
   14.300000    -5.8695992149e-01     0.0000000000e+00     0.0000000000e+00
   14.350000    -6.3809911171e-01     0.0000000000e+00     0.0000000000e+00
   14.400000    -6.8622673893e-01     0.0000000000e+00     0.0000000000e+00
   14.450000    -7.3262946301e-01     0.0000000000e+00     0.0000000000e+00
   14.500000    -7.7941791697e-01     0.0000000000e+00     0.0000000000e+00
   14.550000    -8.2760253527e-01     0.0000000000e+00     0.0000000000e+00
   14.600000    -8.7631254319e-01     0.0000000000e+00     0.0000000000e+00
   14.650000    -9.2410752713e-01     0.0000000000e+00     0.0000000000e+00
   14.700000    -9.7089192907e-01     0.0000000000e+00     0.0000000000e+00
   14.750000    -1.0182318435e+00    -0.0000000000e+00     0.0000000000e+00
   14.800000    -1.0677185769e+00    -0.0000000000e+00     0.0000000000e+00
   14.850000    -1.1192781240e+00    -0.0000000000e+00     0.0000000000e+00
   14.900000    -1.1713702074e+00     0.0000000000e+00     0.0000000000e+00
   14.950000    -1.2228104156e+00     0.0000000000e+00     0.0000000000e+00
   15.000000    -1.2740627118e+00     0.0000000000e+00    -0.0000000000e+00
   15.050000    -1.3264828050e+00     0.0000000000e+00    -0.0000000000e+00
   15.100000    -1.3804022519e+00     0.0000000000e+00    -0.0000000000e+00
   15.150000    -1.4343155520e+00     0.0000000000e+00    -0.0000000000e+00
   15.200000    -1.4861641572e+00    -0.0000000000e+00     0.0000000000e+00
   15.250000    -1.5352762779e+00    -0.0000000000e+00     0.0000000000e+00
   15.300000    -1.5827541550e+00    -0.0000000000e+00     0.0000000000e+00
   15.350000    -1.6298948661e+00    -0.0000000000e+00     0.0000000000e+00
   15.400000    -1.6764998206e+00    -0.0000000000e+00     0.0000000000e+00
   15.450000    -1.7210348933e+00    -0.0000000000e+00     0.0000000000e+00
   15.500000    -1.7624297614e+00     0.0000000000e+00     0.0000000000e+00
   15.550000    -1.8013868103e+00     0.0000000000e+00     0.0000000000e+00
   15.600000    -1.8396411038e+00     0.0000000000e+00     0.0000000000e+00
   15.650000    -1.8780054924e+00     0.0000000000e+00     0.0000000000e+00
   15.700000    -1.9154594644e+00     0.0000000000e+00     0.0000000000e+00
   15.750000    -1.9503358554e+00     0.0000000000e+00    -0.0000000000e+00
   15.800000    -1.9822272467e+00     0.0000000000e+00    -0.0000000000e+00
   15.850000    -2.0124041625e+00     0.0000000000e+00    -0.0000000000e+00
   15.900000    -2.0422738308e+00     0.0000000000e+00    -0.0000000000e+00
   15.950000    -2.0716882631e+00     0.0000000000e+00     0.0000000000e+00
   16.000000    -2.0990811889e+00     0.0000000000e+00     0.0000000000e+00
   16.050000    -2.1232803240e+00     0.0000000000e+00     0.0000000000e+00
   16.100000    -2.1448908777e+00    -0.0000000000e+00     0.0000000000e+00
   16.150000    -2.1656475831e+00    -0.0000000000e+00     0.0000000000e+00
   16.200000    -2.1864971157e+00    -0.0000000000e+00     0.0000000000e+00
   16.250000    -2.2066435011e+00    -0.0000000000e+00     0.0000000000e+00
   16.300000    -2.2246547381e+00     0.0000000000e+00     0.0000000000e+00
   16.350000    -2.2403163684e+00     0.0000000000e+00     0.0000000000e+00
   16.400000    -2.2550433849e+00     0.0000000000e+00     0.0000000000e+00
   16.450000    -2.2703474675e+00     0.0000000000e+00     0.0000000000e+00
   16.500000    -2.2861372992e+00     0.0000000000e+00     0.0000000000e+00
   16.550000    -2.3008427640e+00     0.0000000000e+00     0.0000000000e+00
   16.600000    -2.3132417667e+00     0.0000000000e+00     0.0000000000e+00
   16.650000    -2.3238835147e+00     0.0000000000e+00     0.0000000000e+00
   16.700000    -2.3344557905e+00    -0.0000000000e+00    -0.0000000000e+00
   16.750000    -2.3458178472e+00    -0.0000000000e+00    -0.0000000000e+00
   16.800000    -2.3569672050e+00    -0.0000000000e+00    -0.0000000000e+00
   16.850000    -2.3661393580e+00     0.0000000000e+00     0.0000000000e+00
   16.900000    -2.3727954609e+00     0.0000000000e+00     0.0000000000e+00
   16.950000    -2.3782564826e+00     0.0000000000e+00     0.0000000000e+00
   17.000000    -2.3843217071e+00     0.0000000000e+00     0.0000000000e+00
   17.050000    -2.3915084458e+00     0.0000000000e+00     0.0000000000e+00
   17.100000    -2.3989063603e+00     0.0000000000e+00     0.0000000000e+00
   17.150000    -2.4056831376e+00     0.0000000000e+00     0.0000000000e+00
   17.200000    -2.4123351990e+00     0.0000000000e+00     0.0000000000e+00
   17.250000    -2.4201301795e+00    -0.0000000000e+00     0.0000000000e+00
   17.300000    -2.4294011022e+00    -0.0000000000e+00    -0.0000000000e+00
   17.350000    -2.4387915750e+00    -0.0000000000e+00    -0.0000000000e+00
   17.400000    -2.4464867205e+00    -0.0000000000e+00    -0.0000000000e+00
   17.450000    -2.4521171525e+00    -0.0000000000e+00     0.0000000000e+00
   17.500000    -2.4571532209e+00    -0.0000000000e+00     0.0000000000e+00
   17.550000    -2.4632794832e+00    -0.0000000000e+00     0.0000000000e+00
   17.600000    -2.4705515084e+00    -0.0000000000e+00     0.0000000000e+00
   17.650000    -2.4774077018e+00    -0.0000000000e+00     0.0000000000e+00
   17.700000    -2.4824998140e+00    -0.0000000000e+00    -0.0000000000e+00
   17.750000    -2.4862355822e+00    -0.0000000000e+00     0.0000000000e+00
   17.800000    -2.4902796913e+00    -0.0000000000e+00     0.0000000000e+00
   17.850000    -2.4956223143e+00    -0.0000000000e+00     0.0000000000e+00
   17.900000    -2.5014643545e+00     0.0000000000e+00     0.0000000000e+00
   17.950000    -2.5061973858e+00     0.0000000000e+00     0.0000000000e+00
   18.000000    -2.5093154343e+00     0.0000000000e+00     0.0000000000e+00
   18.050000    -2.5120227869e+00     0.0000000000e+00     0.0000000000e+00
   18.100000    -2.5158341257e+00    -0.0000000000e+00     0.0000000000e+00
   18.150000    -2.5208072291e+00    -0.0000000000e+00     0.0000000000e+00
   18.200000    -2.5254740952e+00    -0.0000000000e+00     0.0000000000e+00
   18.250000    -2.5285529708e+00     0.0000000000e+00    -0.0000000000e+00
   18.300000    -2.5304453557e+00     0.0000000000e+00    -0.0000000000e+00
   18.350000    -2.5327692466e+00     0.0000000000e+00    -0.0000000000e+00
   18.400000    -2.5364634531e+00     0.0000000000e+00     0.0000000000e+00
   18.450000    -2.5406598671e+00     0.0000000000e+00     0.0000000000e+00
   18.500000    -2.5436306668e+00     0.0000000000e+00     0.0000000000e+00
   18.550000    -2.5447161009e+00     0.0000000000e+00     0.0000000000e+00
   18.600000    -2.5450189526e+00     0.0000000000e+00     0.0000000000e+00
   18.650000    -2.5461053370e+00     0.0000000000e+00     0.0000000000e+00
   18.700000    -2.5482698843e+00    -0.0000000000e+00     0.0000000000e+00
   18.750000    -2.5503993448e+00    -0.0000000000e+00     0.0000000000e+00
   18.800000    -2.5515569289e+00    -0.0000000000e+00     0.0000000000e+00
   18.850000    -2.5523602627e+00    -0.0000000000e+00     0.0000000000e+00
   18.900000    -2.5544513970e+00    -0.0000000000e+00     0.0000000000e+00
   18.950000    -2.5586075868e+00     0.0000000000e+00     0.0000000000e+00
   19.000000    -2.5636855295e+00     0.0000000000e+00     0.0000000000e+00
   19.050000    -2.5676859921e+00     0.0000000000e+00     0.0000000000e+00
   19.100000    -2.5697937136e+00     0.0000000000e+00     0.0000000000e+00
   19.150000    -2.5711055500e+00    -0.0000000000e+00     0.0000000000e+00
   19.200000    -2.5732458153e+00    -0.0000000000e+00     0.0000000000e+00
   19.250000    -2.5764764115e+00    -0.0000000000e+00     0.0000000000e+00
   19.300000    -2.5794618399e+00    -0.0000000000e+00     0.0000000000e+00
   19.350000    -2.5809143540e+00    -0.0000000000e+00     0.0000000000e+00
   19.400000    -2.5811698903e+00    -0.0000000000e+00     0.0000000000e+00
   19.450000    -2.5818477861e+00     0.0000000000e+00     0.0000000000e+00
   19.500000    -2.5839939764e+00     0.0000000000e+00     0.0000000000e+00
   19.550000    -2.5868780215e+00     0.0000000000e+00     0.0000000000e+00
   19.600000    -2.5888510267e+00     0.0000000000e+00     0.0000000000e+00
   19.650000    -2.5892688560e+00     0.0000000000e+00     0.0000000000e+00
   19.700000    -2.5892433442e+00     0.0000000000e+00     0.0000000000e+00
   19.750000    -2.5903484264e+00     0.0000000000e+00     0.0000000000e+00
   19.800000    -2.5927882186e+00     0.0000000000e+00    -0.0000000000e+00
   19.850000    -2.5951588437e+00     0.0000000000e+00    -0.0000000000e+00
   19.900000    -2.5960792606e+00     0.0000000000e+00    -0.0000000000e+00
   19.950000    -2.5957912588e+00     0.0000000000e+00    -0.0000000000e+00
   20.000000    -2.5958672835e+00     0.0000000000e+00     0.0000000000e+00
   20.050000    -2.5973706365e+00     0.0000000000e+00     0.0000000000e+00
   20.100000    -2.5996161604e+00     0.0000000000e+00     0.0000000000e+00
   20.150000    -2.6009798455e+00     0.0000000000e+00     0.0000000000e+00
   20.200000    -2.6008168098e+00     0.0000000000e+00     0.0000000000e+00
   20.250000    -2.6002503826e+00     0.0000000000e+00     0.0000000000e+00
   20.300000    -2.6009024552e+00     0.0000000000e+00     0.0000000000e+00
   20.350000    -2.6030286615e+00     0.0000000000e+00     0.0000000000e+00
   20.400000    -2.6052179215e+00     0.0000000000e+00     0.0000000000e+00
   20.450000    -2.6060026153e+00     0.0000000000e+00     0.0000000000e+00
   20.500000    -2.6055075906e+00     0.0000000000e+00     0.0000000000e+00
   20.550000    -2.6052193197e+00     0.0000000000e+00     0.0000000000e+00
   20.600000    -2.6061372605e+00     0.0000000000e+00     0.0000000000e+00
   20.650000    -2.6074515700e+00     0.0000000000e+00     0.0000000000e+00
   20.700000    -2.6072982041e+00     0.0000000000e+00     0.0000000000e+00
   20.750000    -2.6047655619e+00     0.0000000000e+00    -0.0000000000e+00
   20.800000    -2.6009111123e+00    -0.0000000000e+00    -0.0000000000e+00
   20.850000    -2.5977034801e+00    -0.0000000000e+00    -0.0000000000e+00
   20.900000    -2.5961630465e+00    -0.0000000000e+00    -0.0000000000e+00
   20.950000    -2.5957988844e+00     0.0000000000e+00     0.0000000000e+00
   21.000000    -2.5958224026e+00     0.0000000000e+00     0.0000000000e+00
   21.050000    -2.5965048160e+00     0.0000000000e+00     0.0000000000e+00
   21.100000    -2.5989317676e+00     0.0000000000e+00     0.0000000000e+00
   21.150000    -2.6034071156e+00     0.0000000000e+00     0.0000000000e+00
   21.200000    -2.6084775093e+00    -0.0000000000e+00     0.0000000000e+00
   21.250000    -2.6119173240e+00    -0.0000000000e+00     0.0000000000e+00
   21.300000    -2.6127311259e+00    -0.0000000000e+00     0.0000000000e+00
   21.350000    -2.6119724116e+00    -0.0000000000e+00     0.0000000000e+00
   21.400000    -2.6114576737e+00     0.0000000000e+00     0.0000000000e+00
   21.450000    -2.6118293543e+00     0.0000000000e+00     0.0000000000e+00
   21.500000    -2.6121424409e+00     0.0000000000e+00     0.0000000000e+00
   21.550000    -2.6113668791e+00     0.0000000000e+00     0.0000000000e+00
   21.600000    -2.6099692348e+00     0.0000000000e+00    -0.0000000000e+00
   21.650000    -2.6096515702e+00     0.0000000000e+00     0.0000000000e+00
   21.700000    -2.6114911646e+00     0.0000000000e+00     0.0000000000e+00
   21.750000    -2.6146276453e+00     0.0000000000e+00     0.0000000000e+00
   21.800000    -2.6170609953e+00     0.0000000000e+00     0.0000000000e+00
   21.850000    -2.6177107719e+00     0.0000000000e+00    -0.0000000000e+00
   21.900000    -2.6174305610e+00    -0.0000000000e+00    -0.0000000000e+00
   21.950000    -2.6178622637e+00    -0.0000000000e+00    -0.0000000000e+00
   22.000000    -2.6194821411e+00     0.0000000000e+00     0.0000000000e+00
   22.050000    -2.6210881900e+00     0.0000000000e+00     0.0000000000e+00
   22.100000    -2.6212803660e+00     0.0000000000e+00     0.0000000000e+00
   22.150000    -2.6201704806e+00     0.0000000000e+00     0.0000000000e+00
   22.200000    -2.6193103623e+00     0.0000000000e+00     0.0000000000e+00
   22.250000    -2.6199194844e+00     0.0000000000e+00     0.0000000000e+00
   22.300000    -2.6214823642e+00     0.0000000000e+00    -0.0000000000e+00
   22.350000    -2.6223563571e+00     0.0000000000e+00    -0.0000000000e+00
   22.400000    -2.6216870498e+00    -0.0000000000e+00    -0.0000000000e+00
   22.450000    -2.6204036239e+00    -0.0000000000e+00     0.0000000000e+00
   22.500000    -2.6201366805e+00    -0.0000000000e+00     0.0000000000e+00
   22.550000    -2.6213194728e+00    -0.0000000000e+00     0.0000000000e+00
   22.600000    -2.6226838023e+00     0.0000000000e+00     0.0000000000e+00
   22.650000    -2.6227375270e+00     0.0000000000e+00     0.0000000000e+00
   22.700000    -2.6215031324e+00     0.0000000000e+00     0.0000000000e+00
   22.750000    -2.6204928369e+00     0.0000000000e+00     0.0000000000e+00
   22.800000    -2.6209490545e+00     0.0000000000e+00     0.0000000000e+00
   22.850000    -2.6223988144e+00     0.0000000000e+00     0.0000000000e+00
   22.900000    -2.6232051429e+00     0.0000000000e+00     0.0000000000e+00
   22.950000    -2.6224731066e+00    -0.0000000000e+00     0.0000000000e+00
   23.000000    -2.6210907936e+00    -0.0000000000e+00     0.0000000000e+00
   23.050000    -2.6206927624e+00    -0.0000000000e+00     0.0000000000e+00
   23.100000    -2.6217522916e+00    -0.0000000000e+00     0.0000000000e+00
   23.150000    -2.6230218172e+00    -0.0000000000e+00     0.0000000000e+00
   23.200000    -2.6229682027e+00    -0.0000000000e+00     0.0000000000e+00
   23.250000    -2.6215238559e+00    -0.0000000000e+00     0.0000000000e+00
   23.300000    -2.6201084158e+00    -0.0000000000e+00    -0.0000000000e+00
   23.350000    -2.6198995400e+00     0.0000000000e+00    -0.0000000000e+00
   23.400000    -2.6203880867e+00     0.0000000000e+00    -0.0000000000e+00
   23.450000    -2.6199390878e+00     0.0000000000e+00     0.0000000000e+00
   23.500000    -2.6177469207e+00     0.0000000000e+00     0.0000000000e+00
   23.550000    -2.6149273454e+00     0.0000000000e+00     0.0000000000e+00
   23.600000    -2.6134500289e+00     0.0000000000e+00     0.0000000000e+00
   23.650000    -2.6140830085e+00     0.0000000000e+00     0.0000000000e+00
   23.700000    -2.6156485792e+00     0.0000000000e+00     0.0000000000e+00
   23.750000    -2.6163839725e+00     0.0000000000e+00     0.0000000000e+00
   23.800000    -2.6158114174e+00    -0.0000000000e+00     0.0000000000e+00
   23.850000    -2.6150060877e+00     0.0000000000e+00    -0.0000000000e+00
   23.900000    -2.6150694878e+00     0.0000000000e+00     0.0000000000e+00
   23.950000    -2.6157052194e+00     0.0000000000e+00     0.0000000000e+00
   24.000000    -2.6156170221e+00     0.0000000000e+00     0.0000000000e+00
   24.050000    -2.6142387213e+00     0.0000000000e+00     0.0000000000e+00
   24.100000    -2.6126804536e+00     0.0000000000e+00     0.0000000000e+00
   24.150000    -2.6126651028e+00     0.0000000000e+00     0.0000000000e+00
   24.200000    -2.6146061117e+00     0.0000000000e+00     0.0000000000e+00
   24.250000    -2.6170504547e+00    -0.0000000000e+00     0.0000000000e+00
   24.300000    -2.6181886159e+00    -0.0000000000e+00    -0.0000000000e+00
   24.350000    -2.6177567880e+00    -0.0000000000e+00    -0.0000000000e+00
   24.400000    -2.6171863361e+00     0.0000000000e+00    -0.0000000000e+00
   24.450000    -2.6178575593e+00     0.0000000000e+00    -0.0000000000e+00
   24.500000    -2.6194839083e+00     0.0000000000e+00    -0.0000000000e+00
   24.550000    -2.6204800647e+00     0.0000000000e+00    -0.0000000000e+00
   24.600000    -2.6198553980e+00     0.0000000000e+00    -0.0000000000e+00
   24.650000    -2.6184076750e+00     0.0000000000e+00    -0.0000000000e+00
   24.700000    -2.6178194634e+00     0.0000000000e+00     0.0000000000e+00
   24.750000    -2.6187125959e+00     0.0000000000e+00     0.0000000000e+00
   24.800000    -2.6199346130e+00     0.0000000000e+00     0.0000000000e+00
   24.850000    -2.6199143469e+00     0.0000000000e+00     0.0000000000e+00
   24.900000    -2.6185067421e+00     0.0000000000e+00     0.0000000000e+00
   24.950000    -2.6171709284e+00     0.0000000000e+00     0.0000000000e+00
   25.000000    -2.6172673350e+00     0.0000000000e+00     0.0000000000e+00
   25.050000    -2.6184560009e+00     0.0000000000e+00     0.0000000000e+00
   25.100000    -2.6190614275e+00     0.0000000000e+00     0.0000000000e+00
   25.150000    -2.6179683547e+00     0.0000000000e+00    -0.0000000000e+00
   25.200000    -2.6158144161e+00     0.0000000000e+00    -0.0000000000e+00
   25.250000    -2.6140606976e+00     0.0000000000e+00    -0.0000000000e+00
   25.300000    -2.6130059706e+00     0.0000000000e+00    -0.0000000000e+00
   25.350000    -2.6110510393e+00     0.0000000000e+00    -0.0000000000e+00
   25.400000    -2.6060431410e+00     0.0000000000e+00    -0.0000000000e+00
   25.450000    -2.5970637351e+00     0.0000000000e+00    -0.0000000000e+00
   25.500000    -2.5845085470e+00     0.0000000000e+00     0.0000000000e+00
   25.550000    -2.5684387909e+00     0.0000000000e+00     0.0000000000e+00
   25.600000    -2.5474950824e+00     0.0000000000e+00     0.0000000000e+00
   25.650000    -2.5203303444e+00     0.0000000000e+00     0.0000000000e+00
   25.700000    -2.4886636725e+00     0.0000000000e+00     0.0000000000e+00
   25.750000    -2.4587880719e+00     0.0000000000e+00     0.0000000000e+00
   25.800000    -2.4393496749e+00    -0.0000000000e+00     0.0000000000e+00
   25.850000    -2.4366551998e+00    -0.0000000000e+00     0.0000000000e+00
   25.900000    -2.4511685584e+00    -0.0000000000e+00     0.0000000000e+00
   25.950000    -2.4777939027e+00    -0.0000000000e+00     0.0000000000e+00
   26.000000    -2.5091968868e+00     0.0000000000e+00     0.0000000000e+00
   26.050000    -2.5391924825e+00     0.0000000000e+00     0.0000000000e+00
   26.100000    -2.5640562022e+00     0.0000000000e+00     0.0000000000e+00
   26.150000    -2.5820971925e+00     0.0000000000e+00     0.0000000000e+00
   26.200000    -2.5931181515e+00    -0.0000000000e+00     0.0000000000e+00
   26.250000    -2.5984419916e+00    -0.0000000000e+00     0.0000000000e+00
   26.300000    -2.6006821318e+00    -0.0000000000e+00     0.0000000000e+00
   26.350000    -2.6024666886e+00    -0.0000000000e+00     0.0000000000e+00
   26.400000    -2.6048226071e+00     0.0000000000e+00     0.0000000000e+00
   26.450000    -2.6068328938e+00     0.0000000000e+00     0.0000000000e+00
   26.500000    -2.6071049435e+00     0.0000000000e+00     0.0000000000e+00
   26.550000    -2.6056169841e+00     0.0000000000e+00     0.0000000000e+00
   26.600000    -2.6039826595e+00     0.0000000000e+00     0.0000000000e+00
   26.650000    -2.6038570210e+00     0.0000000000e+00    -0.0000000000e+00
   26.700000    -2.6052685925e+00     0.0000000000e+00    -0.0000000000e+00
   26.750000    -2.6067386186e+00     0.0000000000e+00    -0.0000000000e+00
   26.800000    -2.6070165252e+00     0.0000000000e+00    -0.0000000000e+00
   26.850000    -2.6064351899e+00     0.0000000000e+00    -0.0000000000e+00
   26.900000    -2.6063659125e+00     0.0000000000e+00     0.0000000000e+00
   26.950000    -2.6074692705e+00     0.0000000000e+00     0.0000000000e+00
   27.000000    -2.6088181864e+00     0.0000000000e+00     0.0000000000e+00
   27.050000    -2.6089175380e+00     0.0000000000e+00     0.0000000000e+00
   27.100000    -2.6074044630e+00     0.0000000000e+00     0.0000000000e+00
   27.150000    -2.6054151806e+00     0.0000000000e+00     0.0000000000e+00
   27.200000    -2.6041857162e+00     0.0000000000e+00     0.0000000000e+00
   27.250000    -2.6035570983e+00     0.0000000000e+00     0.0000000000e+00
   27.300000    -2.6021968270e+00     0.0000000000e+00     0.0000000000e+00
   27.350000    -2.5993350253e+00     0.0000000000e+00     0.0000000000e+00
   27.400000    -2.5959899068e+00    -0.0000000000e+00     0.0000000000e+00
   27.450000    -2.5941753460e+00    -0.0000000000e+00     0.0000000000e+00
   27.500000    -2.5948790505e+00    -0.0000000000e+00     0.0000000000e+00
   27.550000    -2.5970281468e+00    -0.0000000000e+00     0.0000000000e+00
   27.600000    -2.5985644774e+00     0.0000000000e+00     0.0000000000e+00
   27.650000    -2.5983963149e+00     0.0000000000e+00     0.0000000000e+00
   27.700000    -2.5970877720e+00     0.0000000000e+00     0.0000000000e+00
   27.750000    -2.5956987486e+00     0.0000000000e+00    -0.0000000000e+00
   27.800000    -2.5943420776e+00     0.0000000000e+00    -0.0000000000e+00
   27.850000    -2.5922535361e+00     0.0000000000e+00    -0.0000000000e+00
   27.900000    -2.5892417410e+00     0.0000000000e+00    -0.0000000000e+00
   27.950000    -2.5866205311e+00     0.0000000000e+00     0.0000000000e+00
   28.000000    -2.5862498050e+00    -0.0000000000e+00     0.0000000000e+00
   28.050000    -2.5885243881e+00    -0.0000000000e+00     0.0000000000e+00
   28.100000    -2.5914328566e+00    -0.0000000000e+00     0.0000000000e+00
   28.150000    -2.5916289907e+00    -0.0000000000e+00     0.0000000000e+00
   28.200000    -2.5862258558e+00    -0.0000000000e+00     0.0000000000e+00
   28.250000    -2.5734292774e+00    -0.0000000000e+00     0.0000000000e+00
   28.300000    -2.5519020616e+00    -0.0000000000e+00     0.0000000000e+00
   28.350000    -2.5206830817e+00     0.0000000000e+00     0.0000000000e+00
   28.400000    -2.4810026010e+00     0.0000000000e+00     0.0000000000e+00
   28.450000    -2.4386845752e+00     0.0000000000e+00     0.0000000000e+00
   28.500000    -2.4040628850e+00     0.0000000000e+00     0.0000000000e+00
   28.550000    -2.3879113056e+00     0.0000000000e+00     0.0000000000e+00
   28.600000    -2.3956438437e+00     0.0000000000e+00    -0.0000000000e+00
   28.650000    -2.4241794200e+00     0.0000000000e+00    -0.0000000000e+00
   28.700000    -2.4639690153e+00     0.0000000000e+00    -0.0000000000e+00
   28.750000    -2.5044342288e+00     0.0000000000e+00    -0.0000000000e+00
   28.800000    -2.5385552498e+00    -0.0000000000e+00    -0.0000000000e+00
   28.850000    -2.5638026289e+00    -0.0000000000e+00    -0.0000000000e+00
   28.900000    -2.5801939583e+00     0.0000000000e+00     0.0000000000e+00
   28.950000    -2.5882600649e+00     0.0000000000e+00     0.0000000000e+00
   29.000000    -2.5885568179e+00     0.0000000000e+00     0.0000000000e+00
   29.050000    -2.5820123527e+00     0.0000000000e+00     0.0000000000e+00
   29.100000    -2.5697357455e+00     0.0000000000e+00     0.0000000000e+00
   29.150000    -2.5523569520e+00     0.0000000000e+00     0.0000000000e+00
   29.200000    -2.5302420340e+00     0.0000000000e+00     0.0000000000e+00
   29.250000    -2.5050662409e+00     0.0000000000e+00     0.0000000000e+00
   29.300000    -2.4811373954e+00    -0.0000000000e+00     0.0000000000e+00
   29.350000    -2.4643102360e+00    -0.0000000000e+00     0.0000000000e+00
   29.400000    -2.4585182836e+00     0.0000000000e+00     0.0000000000e+00
   29.450000    -2.4627669414e+00     0.0000000000e+00     0.0000000000e+00
   29.500000    -2.4716384502e+00     0.0000000000e+00     0.0000000000e+00
   29.550000    -2.4793096698e+00     0.0000000000e+00     0.0000000000e+00
   29.600000    -2.4837179266e+00     0.0000000000e+00     0.0000000000e+00
   29.650000    -2.4873168212e+00     0.0000000000e+00     0.0000000000e+00
   29.700000    -2.4940984851e+00     0.0000000000e+00     0.0000000000e+00
   29.750000    -2.5059272501e+00     0.0000000000e+00     0.0000000000e+00
   29.800000    -2.5214105975e+00     0.0000000000e+00     0.0000000000e+00
   29.850000    -2.5376532453e+00     0.0000000000e+00    -0.0000000000e+00
   29.900000    -2.5525286747e+00     0.0000000000e+00    -0.0000000000e+00
   29.950000    -2.5652544836e+00     0.0000000000e+00    -0.0000000000e+00
   30.000000    -2.5754323856e+00     0.0000000000e+00     0.0000000000e+00
