# Photoabsorption spectrum from real-time propagation
# GPAW version: 19.8.1
# Total time = 14.9900 fs, Time steps = [10.0000] as
# Kick = [0.001, 0, 0]
# Gaussian folding, Width = 0.1500 eV = 0.005512 Hartree <=> FWHM = 0.353223 eV
#    om (eV)                  S_x                  S_y                  S_z
    0.000000     0.0000000000e+00     0.0000000000e+00     0.0000000000e+00
    0.050000     2.8095846621e-05     0.0000000000e+00    -0.0000000000e+00
    0.100000     4.6884875685e-05     0.0000000000e+00     0.0000000000e+00
    0.150000    -2.8004989870e-05     0.0000000000e+00     0.0000000000e+00
    0.200000    -1.3290340194e-04     0.0000000000e+00     0.0000000000e+00
    0.250000    -1.0387605141e-04     0.0000000000e+00     0.0000000000e+00
    0.300000     8.6207094969e-05    -0.0000000000e+00     0.0000000000e+00
    0.350000     2.2660093718e-04    -0.0000000000e+00     0.0000000000e+00
    0.400000     9.8814564534e-05    -0.0000000000e+00     0.0000000000e+00
    0.450000    -2.0955098835e-04    -0.0000000000e+00     0.0000000000e+00
    0.500000    -3.3630485788e-04     0.0000000000e+00     0.0000000000e+00
    0.550000    -6.6315250689e-05     0.0000000000e+00     0.0000000000e+00
    0.600000     3.4104993059e-04     0.0000000000e+00     0.0000000000e+00
    0.650000     3.8355895571e-04     0.0000000000e+00     0.0000000000e+00
    0.700000    -7.7795491826e-05     0.0000000000e+00     0.0000000000e+00
    0.750000    -5.5864243765e-04     0.0000000000e+00    -0.0000000000e+00
    0.800000    -4.4946711974e-04     0.0000000000e+00    -0.0000000000e+00
    0.850000     2.2353322649e-04     0.0000000000e+00    -0.0000000000e+00
    0.900000     7.0846285724e-04     0.0000000000e+00    -0.0000000000e+00
    0.950000     3.5373090356e-04     0.0000000000e+00    -0.0000000000e+00
    1.000000    -5.3910318083e-04     0.0000000000e+00    -0.0000000000e+00
    1.050000    -9.2622295543e-04     0.0000000000e+00     0.0000000000e+00
    1.100000    -2.2351138859e-04     0.0000000000e+00     0.0000000000e+00
    1.150000     8.6023735682e-04    -0.0000000000e+00     0.0000000000e+00
    1.200000     9.9921698792e-04    -0.0000000000e+00     0.0000000000e+00
    1.250000    -1.5284419568e-04    -0.0000000000e+00     0.0000000000e+00
    1.300000    -1.3345312668e-03    -0.0000000000e+00     0.0000000000e+00
    1.350000    -1.0132989243e-03    -0.0000000000e+00     0.0000000000e+00
    1.400000     6.8976659662e-04     0.0000000000e+00     0.0000000000e+00
    1.450000     1.9506119213e-03     0.0000000000e+00     0.0000000000e+00
    1.500000     1.7022750801e-03     0.0000000000e+00     0.0000000000e+00
    1.550000     2.4194475288e-03     0.0000000000e+00     0.0000000000e+00
    1.600000     1.1003377503e-02     0.0000000000e+00     0.0000000000e+00
    1.650000     3.9168945537e-02     0.0000000000e+00     0.0000000000e+00
    1.700000     1.0766885189e-01     0.0000000000e+00     0.0000000000e+00
    1.750000     2.5526506559e-01     0.0000000000e+00    -0.0000000000e+00
    1.800000     5.4395776094e-01     0.0000000000e+00    -0.0000000000e+00
    1.850000     1.0456691767e+00     0.0000000000e+00    -0.0000000000e+00
    1.900000     1.8029475601e+00     0.0000000000e+00    -0.0000000000e+00
    1.950000     2.7774580436e+00     0.0000000000e+00    -0.0000000000e+00
    2.000000     3.8200699458e+00     0.0000000000e+00    -0.0000000000e+00
    2.050000     4.6951741278e+00     0.0000000000e+00     0.0000000000e+00
    2.100000     5.1627826299e+00     0.0000000000e+00     0.0000000000e+00
    2.150000     5.0817444221e+00     0.0000000000e+00     0.0000000000e+00
    2.200000     4.4762426855e+00     0.0000000000e+00     0.0000000000e+00
    2.250000     3.5250222868e+00     0.0000000000e+00     0.0000000000e+00
    2.300000     2.4792284089e+00     0.0000000000e+00     0.0000000000e+00
    2.350000     1.5576269428e+00     0.0000000000e+00     0.0000000000e+00
    2.400000     8.7681205937e-01     0.0000000000e+00     0.0000000000e+00
    2.450000     4.4477610555e-01     0.0000000000e+00     0.0000000000e+00
    2.500000     2.0350459078e-01     0.0000000000e+00     0.0000000000e+00
    2.550000     8.1790454047e-02     0.0000000000e+00     0.0000000000e+00
    2.600000     2.6528622614e-02     0.0000000000e+00    -0.0000000000e+00
    2.650000     6.5197175160e-03     0.0000000000e+00    -0.0000000000e+00
    2.700000     3.1810171701e-03     0.0000000000e+00    -0.0000000000e+00
    2.750000     3.9553732240e-03     0.0000000000e+00     0.0000000000e+00
    2.800000     2.3604856628e-03     0.0000000000e+00     0.0000000000e+00
    2.850000    -1.1949163794e-03     0.0000000000e+00     0.0000000000e+00
    2.900000    -2.8488868445e-03     0.0000000000e+00     0.0000000000e+00
    2.950000    -8.8051930039e-04     0.0000000000e+00     0.0000000000e+00
    3.000000     2.1742738266e-03     0.0000000000e+00     0.0000000000e+00
    3.050000     2.6768164046e-03     0.0000000000e+00     0.0000000000e+00
    3.100000     1.6072820356e-04     0.0000000000e+00     0.0000000000e+00
    3.150000    -2.3120123479e-03    -0.0000000000e+00     0.0000000000e+00
    3.200000    -1.8841037891e-03    -0.0000000000e+00     0.0000000000e+00
    3.250000     8.0831268654e-04    -0.0000000000e+00     0.0000000000e+00
    3.300000     2.5418729272e-03    -0.0000000000e+00     0.0000000000e+00
    3.350000     1.3428135300e-03    -0.0000000000e+00    -0.0000000000e+00
    3.400000    -1.2948978469e-03    -0.0000000000e+00    -0.0000000000e+00
    3.450000    -2.2764769467e-03    -0.0000000000e+00    -0.0000000000e+00
    3.500000    -5.3263172159e-04    -0.0000000000e+00     0.0000000000e+00
    3.550000     1.8282119218e-03    -0.0000000000e+00     0.0000000000e+00
    3.600000     2.0621526872e-03     0.0000000000e+00     0.0000000000e+00
    3.650000    -3.1943425446e-05     0.0000000000e+00     0.0000000000e+00
    3.700000    -1.9669758573e-03     0.0000000000e+00     0.0000000000e+00
    3.750000    -1.5154641795e-03     0.0000000000e+00     0.0000000000e+00
    3.800000     7.3519848884e-04     0.0000000000e+00     0.0000000000e+00
    3.850000     2.1405351648e-03    -0.0000000000e+00     0.0000000000e+00
    3.900000     1.0994484048e-03    -0.0000000000e+00     0.0000000000e+00
    3.950000    -1.1307991930e-03    -0.0000000000e+00     0.0000000000e+00
    4.000000    -1.9543033794e-03    -0.0000000000e+00     0.0000000000e+00
    4.050000    -4.5686152286e-04    -0.0000000000e+00     0.0000000000e+00
    4.100000     1.5817652354e-03    -0.0000000000e+00     0.0000000000e+00
    4.150000     1.7983133012e-03    -0.0000000000e+00     0.0000000000e+00
    4.200000    -1.9969292405e-05    -0.0000000000e+00     0.0000000000e+00
    4.250000    -1.7357157511e-03    -0.0000000000e+00     0.0000000000e+00
    4.300000    -1.3713887293e-03     0.0000000000e+00     0.0000000000e+00
    4.350000     6.1491551112e-04     0.0000000000e+00     0.0000000000e+00
    4.400000     1.9024108731e-03     0.0000000000e+00     0.0000000000e+00
    4.450000     1.0163413780e-03     0.0000000000e+00     0.0000000000e+00
    4.500000    -9.8339772095e-04     0.0000000000e+00     0.0000000000e+00
    4.550000    -1.7562909075e-03     0.0000000000e+00     0.0000000000e+00
    4.600000    -3.7515433292e-04     0.0000000000e+00    -0.0000000000e+00
    4.650000     1.6820660513e-03     0.0000000000e+00    -0.0000000000e+00
    4.700000     2.3782641863e-03     0.0000000000e+00    -0.0000000000e+00
    4.750000     1.6427131472e-03     0.0000000000e+00    -0.0000000000e+00
    4.800000     1.6384126691e-03     0.0000000000e+00    -0.0000000000e+00
    4.850000     4.4306821481e-03     0.0000000000e+00     0.0000000000e+00
    4.900000     9.6762514203e-03     0.0000000000e+00     0.0000000000e+00
    4.950000     1.4901491685e-02     0.0000000000e+00     0.0000000000e+00
    5.000000     1.8003292513e-02     0.0000000000e+00     0.0000000000e+00
    5.050000     1.9184044383e-02    -0.0000000000e+00     0.0000000000e+00
    5.100000     2.0329651077e-02    -0.0000000000e+00     0.0000000000e+00
    5.150000     2.2803614523e-02    -0.0000000000e+00     0.0000000000e+00
    5.200000     2.6279242618e-02    -0.0000000000e+00     0.0000000000e+00
    5.250000     2.9746516501e-02     0.0000000000e+00     0.0000000000e+00
    5.300000     3.3111068483e-02     0.0000000000e+00     0.0000000000e+00
    5.350000     3.7146624979e-02     0.0000000000e+00     0.0000000000e+00
    5.400000     4.1738766510e-02     0.0000000000e+00    -0.0000000000e+00
    5.450000     4.4706733962e-02     0.0000000000e+00    -0.0000000000e+00
    5.500000     4.3087080822e-02     0.0000000000e+00    -0.0000000000e+00
    5.550000     3.5927475668e-02     0.0000000000e+00    -0.0000000000e+00
    5.600000     2.5645233173e-02     0.0000000000e+00     0.0000000000e+00
    5.650000     1.6290114937e-02     0.0000000000e+00     0.0000000000e+00
    5.700000     1.0317059989e-02    -0.0000000000e+00     0.0000000000e+00
    5.750000     7.0885011833e-03    -0.0000000000e+00     0.0000000000e+00
    5.800000     4.4502599119e-03     0.0000000000e+00     0.0000000000e+00
    5.850000     1.4380942344e-03     0.0000000000e+00     0.0000000000e+00
    5.900000    -8.7567595338e-04     0.0000000000e+00     0.0000000000e+00
    5.950000    -1.1049609642e-03     0.0000000000e+00     0.0000000000e+00
    6.000000     3.9066274469e-04     0.0000000000e+00     0.0000000000e+00
    6.050000     1.6074212659e-03     0.0000000000e+00     0.0000000000e+00
    6.100000     1.0379637611e-03     0.0000000000e+00     0.0000000000e+00
    6.150000    -6.8065321492e-04     0.0000000000e+00     0.0000000000e+00
    6.200000    -1.5603502081e-03     0.0000000000e+00     0.0000000000e+00
    6.250000    -5.9034385890e-04     0.0000000000e+00     0.0000000000e+00
    6.300000     1.0920955928e-03     0.0000000000e+00     0.0000000000e+00
    6.350000     1.5308203367e-03     0.0000000000e+00     0.0000000000e+00
    6.400000     2.2188737998e-04     0.0000000000e+00     0.0000000000e+00
    6.450000    -1.3109682880e-03     0.0000000000e+00    -0.0000000000e+00
    6.500000    -1.2931309381e-03    -0.0000000000e+00    -0.0000000000e+00
    6.550000     2.4380260648e-04    -0.0000000000e+00    -0.0000000000e+00
    6.600000     1.5090634250e-03    -0.0000000000e+00    -0.0000000000e+00
    6.650000     1.0374127990e-03     0.0000000000e+00    -0.0000000000e+00
    6.700000    -6.1485006861e-04     0.0000000000e+00     0.0000000000e+00
    6.750000    -1.5253588755e-03     0.0000000000e+00     0.0000000000e+00
    6.800000    -6.4083089147e-04     0.0000000000e+00     0.0000000000e+00
    6.850000     1.0060423697e-03     0.0000000000e+00     0.0000000000e+00
    6.900000     1.5030693220e-03     0.0000000000e+00     0.0000000000e+00
    6.950000     2.7871746363e-04     0.0000000000e+00     0.0000000000e+00
    7.000000    -1.2416238258e-03     0.0000000000e+00     0.0000000000e+00
    7.050000    -1.2966649094e-03     0.0000000000e+00     0.0000000000e+00
    7.100000     1.6789886113e-04     0.0000000000e+00     0.0000000000e+00
    7.150000     1.4440430088e-03     0.0000000000e+00     0.0000000000e+00
    7.200000     1.0492539147e-03     0.0000000000e+00     0.0000000000e+00
    7.250000    -5.5518874196e-04     0.0000000000e+00     0.0000000000e+00
    7.300000    -1.5062761863e-03     0.0000000000e+00     0.0000000000e+00
    7.350000    -7.0436951523e-04    -0.0000000000e+00    -0.0000000000e+00
    7.400000     9.1492238078e-04    -0.0000000000e+00    -0.0000000000e+00
    7.450000     1.4732054491e-03    -0.0000000000e+00    -0.0000000000e+00
    7.500000     3.3069175949e-04    -0.0000000000e+00    -0.0000000000e+00
    7.550000    -1.1766523082e-03    -0.0000000000e+00     0.0000000000e+00
    7.600000    -1.2937656011e-03     0.0000000000e+00     0.0000000000e+00
    7.650000     1.1607166802e-04     0.0000000000e+00     0.0000000000e+00
    7.700000     1.4173243174e-03     0.0000000000e+00     0.0000000000e+00
    7.750000     1.1041901618e-03     0.0000000000e+00     0.0000000000e+00
    7.800000    -4.5362265503e-04     0.0000000000e+00     0.0000000000e+00
    7.850000    -1.4451826705e-03     0.0000000000e+00     0.0000000000e+00
    7.900000    -7.2221065788e-04     0.0000000000e+00     0.0000000000e+00
    7.950000     8.7227571894e-04     0.0000000000e+00     0.0000000000e+00
    8.000000     1.4887616555e-03     0.0000000000e+00     0.0000000000e+00
    8.050000     4.2027709671e-04     0.0000000000e+00     0.0000000000e+00
    8.100000    -1.0799827777e-03     0.0000000000e+00     0.0000000000e+00
    8.150000    -1.2560664648e-03    -0.0000000000e+00     0.0000000000e+00
    8.200000     1.1748076195e-04    -0.0000000000e+00     0.0000000000e+00
    8.250000     1.4918911134e-03    -0.0000000000e+00     0.0000000000e+00
    8.300000     1.3771456978e-03    -0.0000000000e+00     0.0000000000e+00
    8.350000     1.3038271513e-04     0.0000000000e+00    -0.0000000000e+00
    8.400000    -3.7167789907e-04     0.0000000000e+00     0.0000000000e+00
    8.450000     1.1929560599e-03     0.0000000000e+00     0.0000000000e+00
    8.500000     4.1395953026e-03     0.0000000000e+00     0.0000000000e+00
    8.550000     6.5721885692e-03     0.0000000000e+00     0.0000000000e+00
    8.600000     7.4503722796e-03     0.0000000000e+00    -0.0000000000e+00
    8.650000     7.5233671436e-03     0.0000000000e+00    -0.0000000000e+00
    8.700000     8.1082575452e-03     0.0000000000e+00    -0.0000000000e+00
    8.750000     9.2424757810e-03     0.0000000000e+00    -0.0000000000e+00
    8.800000     9.4683059468e-03     0.0000000000e+00    -0.0000000000e+00
    8.850000     7.5615100573e-03     0.0000000000e+00     0.0000000000e+00
    8.900000     4.1807243089e-03     0.0000000000e+00     0.0000000000e+00
    8.950000     1.4386217654e-03     0.0000000000e+00     0.0000000000e+00
    9.000000     7.8100853993e-04     0.0000000000e+00     0.0000000000e+00
    9.050000     1.5437665227e-03     0.0000000000e+00     0.0000000000e+00
    9.100000     1.8216681625e-03     0.0000000000e+00     0.0000000000e+00
    9.150000     6.5539730568e-04     0.0000000000e+00     0.0000000000e+00
    9.200000    -9.5001516074e-04     0.0000000000e+00     0.0000000000e+00
    9.250000    -1.2986114448e-03     0.0000000000e+00     0.0000000000e+00
    9.300000    -4.9363074657e-05     0.0000000000e+00     0.0000000000e+00
    9.350000     1.3563692124e-03     0.0000000000e+00     0.0000000000e+00
    9.400000     1.3824684824e-03     0.0000000000e+00     0.0000000000e+00
    9.450000     2.4117084836e-04     0.0000000000e+00     0.0000000000e+00
    9.500000    -2.4683206862e-04     0.0000000000e+00     0.0000000000e+00
    9.550000     1.3750172256e-03     0.0000000000e+00    -0.0000000000e+00
    9.600000     4.6390589283e-03     0.0000000000e+00    -0.0000000000e+00
    9.650000     7.7387037576e-03     0.0000000000e+00    -0.0000000000e+00
    9.700000     9.4992288935e-03     0.0000000000e+00     0.0000000000e+00
    9.750000     1.0415042515e-02    -0.0000000000e+00     0.0000000000e+00
    9.800000     1.1605759812e-02    -0.0000000000e+00     0.0000000000e+00
    9.850000     1.3041418165e-02     0.0000000000e+00     0.0000000000e+00
    9.900000     1.3263755268e-02     0.0000000000e+00     0.0000000000e+00
    9.950000     1.1048692641e-02     0.0000000000e+00     0.0000000000e+00
   10.000000     7.1060464751e-03     0.0000000000e+00     0.0000000000e+00
   10.050000     3.7711257457e-03     0.0000000000e+00     0.0000000000e+00
   10.100000     2.9141270054e-03     0.0000000000e+00     0.0000000000e+00
   10.150000     4.3507039816e-03     0.0000000000e+00     0.0000000000e+00
   10.200000     6.4750138496e-03     0.0000000000e+00     0.0000000000e+00
   10.250000     8.2858555075e-03     0.0000000000e+00     0.0000000000e+00
   10.300000     1.0393768537e-02     0.0000000000e+00     0.0000000000e+00
   10.350000     1.3832403456e-02     0.0000000000e+00     0.0000000000e+00
   10.400000     1.8126551837e-02     0.0000000000e+00     0.0000000000e+00
   10.450000     2.1024136525e-02     0.0000000000e+00     0.0000000000e+00
   10.500000     2.0428743025e-02     0.0000000000e+00    -0.0000000000e+00
   10.550000     1.6499125495e-02    -0.0000000000e+00    -0.0000000000e+00
   10.600000     1.1582914232e-02    -0.0000000000e+00    -0.0000000000e+00
   10.650000     8.0079166891e-03    -0.0000000000e+00    -0.0000000000e+00
   10.700000     6.1029949130e-03    -0.0000000000e+00    -0.0000000000e+00
   10.750000     4.5013719851e-03     0.0000000000e+00     0.0000000000e+00
   10.800000     2.1831230723e-03     0.0000000000e+00     0.0000000000e+00
   10.850000    -1.8261365704e-04     0.0000000000e+00     0.0000000000e+00
   10.900000    -1.0991499480e-03     0.0000000000e+00     0.0000000000e+00
   10.950000    -1.8685720062e-04     0.0000000000e+00     0.0000000000e+00
   11.000000     1.1606748050e-03     0.0000000000e+00     0.0000000000e+00
   11.050000     1.2334522292e-03     0.0000000000e+00     0.0000000000e+00
   11.100000    -1.0691317653e-04     0.0000000000e+00     0.0000000000e+00
   11.150000    -1.3180475066e-03     0.0000000000e+00     0.0000000000e+00
   11.200000    -9.9267407425e-04     0.0000000000e+00     0.0000000000e+00
   11.250000     4.9868220874e-04     0.0000000000e+00     0.0000000000e+00
   11.300000     1.4416798099e-03     0.0000000000e+00     0.0000000000e+00
   11.350000     7.8204590172e-04     0.0000000000e+00     0.0000000000e+00
   11.400000    -6.3084009228e-04     0.0000000000e+00    -0.0000000000e+00
   11.450000    -1.0080783533e-03    -0.0000000000e+00    -0.0000000000e+00
   11.500000     3.2132854418e-04    -0.0000000000e+00    -0.0000000000e+00
   11.550000     2.1390920128e-03    -0.0000000000e+00    -0.0000000000e+00
   11.600000     2.7349190065e-03    -0.0000000000e+00     0.0000000000e+00
   11.650000     1.8415337126e-03    -0.0000000000e+00     0.0000000000e+00
   11.700000     8.6664478067e-04     0.0000000000e+00     0.0000000000e+00
   11.750000     1.1756354168e-03     0.0000000000e+00     0.0000000000e+00
   11.800000     2.4497095380e-03     0.0000000000e+00     0.0000000000e+00
   11.850000     3.0479116602e-03     0.0000000000e+00     0.0000000000e+00
   11.900000     1.9542754991e-03     0.0000000000e+00     0.0000000000e+00
   11.950000     3.1075122737e-05     0.0000000000e+00     0.0000000000e+00
   12.000000    -9.0371835050e-04     0.0000000000e+00     0.0000000000e+00
   12.050000    -1.2595266786e-04     0.0000000000e+00     0.0000000000e+00
   12.100000     1.1869591627e-03     0.0000000000e+00     0.0000000000e+00
   12.150000     1.3281413802e-03     0.0000000000e+00     0.0000000000e+00
   12.200000     2.7606668259e-05     0.0000000000e+00     0.0000000000e+00
   12.250000    -1.2593162627e-03    -0.0000000000e+00     0.0000000000e+00
   12.300000    -1.0654418679e-03    -0.0000000000e+00     0.0000000000e+00
   12.350000     3.6988150016e-04    -0.0000000000e+00     0.0000000000e+00
   12.400000     1.3742046057e-03     0.0000000000e+00    -0.0000000000e+00
   12.450000     7.8595137447e-04     0.0000000000e+00    -0.0000000000e+00
   12.500000    -6.9353122930e-04     0.0000000000e+00    -0.0000000000e+00
   12.550000    -1.3125432022e-03     0.0000000000e+00     0.0000000000e+00
   12.600000    -3.0247027320e-04     0.0000000000e+00     0.0000000000e+00
   12.650000     1.2293966986e-03     0.0000000000e+00     0.0000000000e+00
   12.700000     1.5822680000e-03     0.0000000000e+00     0.0000000000e+00
   12.750000     4.2712027383e-04     0.0000000000e+00     0.0000000000e+00
   12.800000    -8.2740943642e-04     0.0000000000e+00    -0.0000000000e+00
   12.850000    -6.8799352876e-04     0.0000000000e+00     0.0000000000e+00
   12.900000     6.7926693027e-04     0.0000000000e+00     0.0000000000e+00
   12.950000     1.6440023770e-03     0.0000000000e+00     0.0000000000e+00
   13.000000     1.0175038317e-03     0.0000000000e+00     0.0000000000e+00
   13.050000    -5.5078755842e-04     0.0000000000e+00     0.0000000000e+00
   13.100000    -1.3142517595e-03     0.0000000000e+00     0.0000000000e+00
   13.150000    -4.4872372512e-04     0.0000000000e+00     0.0000000000e+00
   13.200000     9.9695969256e-04    -0.0000000000e+00     0.0000000000e+00
   13.250000     1.3269472918e-03    -0.0000000000e+00     0.0000000000e+00
   13.300000     1.8161057097e-04    -0.0000000000e+00     0.0000000000e+00
   13.350000    -1.0164599011e-03     0.0000000000e+00     0.0000000000e+00
   13.400000    -6.5678149187e-04     0.0000000000e+00    -0.0000000000e+00
   13.450000     1.2906916936e-03     0.0000000000e+00    -0.0000000000e+00
   13.500000     3.3858604034e-03     0.0000000000e+00    -0.0000000000e+00
   13.550000     4.5459696512e-03     0.0000000000e+00    -0.0000000000e+00
   13.600000     5.3992438919e-03     0.0000000000e+00     0.0000000000e+00
   13.650000     7.5090918490e-03     0.0000000000e+00     0.0000000000e+00
   13.700000     1.1312050786e-02     0.0000000000e+00     0.0000000000e+00
   13.750000     1.5174028168e-02     0.0000000000e+00     0.0000000000e+00
   13.800000     1.6756102129e-02     0.0000000000e+00     0.0000000000e+00
   13.850000     1.5261262135e-02     0.0000000000e+00     0.0000000000e+00
   13.900000     1.2112633138e-02     0.0000000000e+00     0.0000000000e+00
   13.950000     9.3670924693e-03     0.0000000000e+00     0.0000000000e+00
   14.000000     7.6857298660e-03     0.0000000000e+00     0.0000000000e+00
   14.050000     6.0923857316e-03     0.0000000000e+00     0.0000000000e+00
   14.100000     3.6271308146e-03     0.0000000000e+00     0.0000000000e+00
   14.150000     8.2911159816e-04     0.0000000000e+00     0.0000000000e+00
   14.200000    -7.3605658167e-04     0.0000000000e+00     0.0000000000e+00
   14.250000    -3.2848979129e-04     0.0000000000e+00     0.0000000000e+00
   14.300000     9.6615915002e-04     0.0000000000e+00     0.0000000000e+00
   14.350000     1.3347186055e-03     0.0000000000e+00     0.0000000000e+00
   14.400000     2.0996845209e-04     0.0000000000e+00     0.0000000000e+00
   14.450000    -1.1570393597e-03     0.0000000000e+00     0.0000000000e+00
   14.500000    -1.1981848572e-03     0.0000000000e+00     0.0000000000e+00
   14.550000     1.2709902353e-04    -0.0000000000e+00     0.0000000000e+00
   14.600000     1.2757178140e-03    -0.0000000000e+00     0.0000000000e+00
   14.650000     9.1133094798e-04    -0.0000000000e+00     0.0000000000e+00
   14.700000    -5.4355270771e-04    -0.0000000000e+00     0.0000000000e+00
   14.750000    -1.3995836396e-03    -0.0000000000e+00     0.0000000000e+00
   14.800000    -6.6499539977e-04     0.0000000000e+00    -0.0000000000e+00
   14.850000     8.0153546931e-04     0.0000000000e+00    -0.0000000000e+00
   14.900000     1.2899634634e-03     0.0000000000e+00    -0.0000000000e+00
   14.950000     2.2801891659e-04     0.0000000000e+00     0.0000000000e+00
   15.000000    -1.1526851047e-03     0.0000000000e+00     0.0000000000e+00
   15.050000    -1.2482763832e-03     0.0000000000e+00     0.0000000000e+00
   15.100000     5.2538977368e-05     0.0000000000e+00     0.0000000000e+00
   15.150000     1.2386981146e-03     0.0000000000e+00     0.0000000000e+00
   15.200000     9.3297613389e-04     0.0000000000e+00     0.0000000000e+00
   15.250000    -5.0763612410e-04     0.0000000000e+00     0.0000000000e+00
   15.300000    -1.4077524706e-03     0.0000000000e+00     0.0000000000e+00
   15.350000    -7.2166290251e-04     0.0000000000e+00     0.0000000000e+00
   15.400000     7.5154607553e-04     0.0000000000e+00     0.0000000000e+00
   15.450000     1.2982699398e-03    -0.0000000000e+00     0.0000000000e+00
   15.500000     2.8370065498e-04    -0.0000000000e+00    -0.0000000000e+00
   15.550000    -1.1099800263e-03    -0.0000000000e+00    -0.0000000000e+00
   15.600000    -1.2587320903e-03    -0.0000000000e+00    -0.0000000000e+00
   15.650000     1.4366171381e-05    -0.0000000000e+00    -0.0000000000e+00
   15.700000     1.2332028672e-03    -0.0000000000e+00    -0.0000000000e+00
   15.750000     9.8534285207e-04     0.0000000000e+00     0.0000000000e+00
   15.800000    -4.3473055271e-04     0.0000000000e+00     0.0000000000e+00
   15.850000    -1.3658881102e-03     0.0000000000e+00     0.0000000000e+00
   15.900000    -7.0658828422e-04     0.0000000000e+00     0.0000000000e+00
   15.950000     8.1547511757e-04     0.0000000000e+00     0.0000000000e+00
   16.000000     1.5084887979e-03     0.0000000000e+00     0.0000000000e+00
   16.050000     7.0868226947e-04     0.0000000000e+00     0.0000000000e+00
   16.100000    -4.2435040755e-04     0.0000000000e+00     0.0000000000e+00
   16.150000    -2.4631392971e-04     0.0000000000e+00     0.0000000000e+00
   16.200000     1.4429575578e-03     0.0000000000e+00     0.0000000000e+00
   16.250000     3.1172040716e-03     0.0000000000e+00     0.0000000000e+00
   16.300000     3.2228469361e-03     0.0000000000e+00     0.0000000000e+00
   16.350000     1.9042011972e-03    -0.0000000000e+00     0.0000000000e+00
   16.400000     7.7672604646e-04    -0.0000000000e+00     0.0000000000e+00
   16.450000     1.0357397784e-03    -0.0000000000e+00     0.0000000000e+00
   16.500000     2.1075213879e-03    -0.0000000000e+00     0.0000000000e+00
   16.550000     2.3986594621e-03     0.0000000000e+00     0.0000000000e+00
   16.600000     1.2471212755e-03     0.0000000000e+00     0.0000000000e+00
   16.650000    -2.1375867111e-04     0.0000000000e+00    -0.0000000000e+00
   16.700000    -2.8140255788e-04     0.0000000000e+00    -0.0000000000e+00
   16.750000     1.4500284060e-03     0.0000000000e+00    -0.0000000000e+00
   16.800000     3.7790424264e-03     0.0000000000e+00    -0.0000000000e+00
   16.850000     5.4928859923e-03     0.0000000000e+00    -0.0000000000e+00
   16.900000     6.9434857527e-03     0.0000000000e+00     0.0000000000e+00
   16.950000     9.6512686961e-03     0.0000000000e+00     0.0000000000e+00
   17.000000     1.4287379946e-02     0.0000000000e+00     0.0000000000e+00
   17.050000     1.9357658151e-02     0.0000000000e+00     0.0000000000e+00
   17.100000     2.2231456984e-02     0.0000000000e+00     0.0000000000e+00
   17.150000     2.1544544899e-02     0.0000000000e+00    -0.0000000000e+00
   17.200000     1.8424133992e-02     0.0000000000e+00    -0.0000000000e+00
   17.250000     1.5249033896e-02     0.0000000000e+00    -0.0000000000e+00
   17.300000     1.3344421308e-02     0.0000000000e+00     0.0000000000e+00
   17.350000     1.2089541747e-02    -0.0000000000e+00     0.0000000000e+00
   17.400000     1.0218918595e-02    -0.0000000000e+00     0.0000000000e+00
   17.450000     7.6205754135e-03    -0.0000000000e+00     0.0000000000e+00
   17.500000     5.5069082085e-03    -0.0000000000e+00     0.0000000000e+00
   17.550000     4.8623547990e-03    -0.0000000000e+00    -0.0000000000e+00
   17.600000     5.1277959757e-03    -0.0000000000e+00     0.0000000000e+00
   17.650000     4.7638253708e-03    -0.0000000000e+00     0.0000000000e+00
   17.700000     3.0595261234e-03     0.0000000000e+00     0.0000000000e+00
   17.750000     1.0305341198e-03     0.0000000000e+00     0.0000000000e+00
   17.800000     2.8994801117e-04     0.0000000000e+00     0.0000000000e+00
   17.850000     1.1645982089e-03     0.0000000000e+00     0.0000000000e+00
   17.900000     2.2549681576e-03     0.0000000000e+00     0.0000000000e+00
   17.950000     1.9882867054e-03     0.0000000000e+00     0.0000000000e+00
   18.000000     3.9511921593e-04     0.0000000000e+00     0.0000000000e+00
   18.050000    -9.4238570182e-04     0.0000000000e+00     0.0000000000e+00
   18.100000    -7.1927075946e-04     0.0000000000e+00     0.0000000000e+00
   18.150000     5.9432576079e-04     0.0000000000e+00     0.0000000000e+00
   18.200000     1.3132600931e-03     0.0000000000e+00     0.0000000000e+00
   18.250000     4.9958610284e-04     0.0000000000e+00     0.0000000000e+00
   18.300000    -9.5053989729e-04     0.0000000000e+00     0.0000000000e+00
   18.350000    -1.3493584773e-03     0.0000000000e+00     0.0000000000e+00
   18.400000    -1.6429762554e-04     0.0000000000e+00     0.0000000000e+00
   18.450000     1.4076366194e-03     0.0000000000e+00     0.0000000000e+00
   18.500000     1.9115608887e-03     0.0000000000e+00     0.0000000000e+00
   18.550000     1.4289931751e-03     0.0000000000e+00     0.0000000000e+00
   18.600000     1.5708745871e-03     0.0000000000e+00     0.0000000000e+00
   18.650000     3.6210297497e-03     0.0000000000e+00     0.0000000000e+00
   18.700000     6.9370768124e-03     0.0000000000e+00     0.0000000000e+00
   18.750000     9.4534785365e-03     0.0000000000e+00     0.0000000000e+00
   18.800000     9.7463671860e-03     0.0000000000e+00    -0.0000000000e+00
   18.850000     8.3573096632e-03     0.0000000000e+00    -0.0000000000e+00
   18.900000     6.9513400122e-03     0.0000000000e+00    -0.0000000000e+00
   18.950000     6.3674603645e-03     0.0000000000e+00    -0.0000000000e+00
   19.000000     5.8337357485e-03     0.0000000000e+00    -0.0000000000e+00
   19.050000     4.1882942633e-03     0.0000000000e+00     0.0000000000e+00
   19.100000     1.5732207380e-03     0.0000000000e+00     0.0000000000e+00
   19.150000    -4.7134379518e-04     0.0000000000e+00     0.0000000000e+00
   19.200000    -6.7460101594e-04     0.0000000000e+00     0.0000000000e+00
   19.250000     4.8313275224e-04     0.0000000000e+00     0.0000000000e+00
   19.300000     1.2460675823e-03     0.0000000000e+00     0.0000000000e+00
   19.350000     5.1948876692e-04     0.0000000000e+00     0.0000000000e+00
   19.400000    -9.4557615168e-04     0.0000000000e+00     0.0000000000e+00
   19.450000    -1.4832449675e-03     0.0000000000e+00     0.0000000000e+00
   19.500000    -4.8090370987e-04     0.0000000000e+00     0.0000000000e+00
   19.550000     8.9378092449e-04     0.0000000000e+00     0.0000000000e+00
   19.600000     1.0441159410e-03     0.0000000000e+00     0.0000000000e+00
   19.650000    -2.0164846542e-04    -0.0000000000e+00    -0.0000000000e+00
   19.700000    -1.3913047212e-03    -0.0000000000e+00    -0.0000000000e+00
   19.750000    -1.1369086007e-03    -0.0000000000e+00    -0.0000000000e+00
   19.800000     2.7276932949e-04    -0.0000000000e+00    -0.0000000000e+00
   19.850000     1.2114470832e-03    -0.0000000000e+00    -0.0000000000e+00
   19.900000     6.1317421673e-04     0.0000000000e+00     0.0000000000e+00
   19.950000    -7.7737607269e-04     0.0000000000e+00     0.0000000000e+00
   20.000000    -1.2575357935e-03     0.0000000000e+00     0.0000000000e+00
   20.050000    -1.3512496103e-04     0.0000000000e+00     0.0000000000e+00
   20.100000     1.4695576797e-03     0.0000000000e+00     0.0000000000e+00
   20.150000     1.9143001625e-03     0.0000000000e+00     0.0000000000e+00
   20.200000     9.1492174988e-04     0.0000000000e+00     0.0000000000e+00
   20.250000    -1.6628358101e-04     0.0000000000e+00     0.0000000000e+00
   20.300000     5.4200889786e-05     0.0000000000e+00     0.0000000000e+00
   20.350000     1.3486827844e-03     0.0000000000e+00     0.0000000000e+00
   20.400000     2.1492127100e-03     0.0000000000e+00     0.0000000000e+00
   20.450000     1.4098394424e-03    -0.0000000000e+00     0.0000000000e+00
   20.500000    -1.0882100969e-04    -0.0000000000e+00    -0.0000000000e+00
   20.550000    -6.2713749810e-04    -0.0000000000e+00    -0.0000000000e+00
   20.600000     7.1781667558e-04    -0.0000000000e+00    -0.0000000000e+00
   20.650000     3.0479153296e-03     0.0000000000e+00    -0.0000000000e+00
   20.700000     4.9748141559e-03     0.0000000000e+00    -0.0000000000e+00
   20.750000     6.3931063611e-03     0.0000000000e+00    -0.0000000000e+00
   20.800000     8.6442979429e-03     0.0000000000e+00     0.0000000000e+00
   20.850000     1.2752090491e-02     0.0000000000e+00     0.0000000000e+00
   20.900000     1.7738660741e-02     0.0000000000e+00     0.0000000000e+00
   20.950000     2.1058949308e-02     0.0000000000e+00     0.0000000000e+00
   21.000000     2.0846648218e-02     0.0000000000e+00     0.0000000000e+00
   21.050000     1.7606248201e-02     0.0000000000e+00     0.0000000000e+00
   21.100000     1.3566662087e-02     0.0000000000e+00     0.0000000000e+00
   21.150000     1.0480575605e-02     0.0000000000e+00     0.0000000000e+00
   21.200000     8.2961737188e-03     0.0000000000e+00     0.0000000000e+00
   21.250000     6.0136811439e-03     0.0000000000e+00     0.0000000000e+00
   21.300000     3.5019669032e-03    -0.0000000000e+00     0.0000000000e+00
   21.350000     2.0200032788e-03    -0.0000000000e+00    -0.0000000000e+00
   21.400000     2.8053450474e-03    -0.0000000000e+00    -0.0000000000e+00
   21.450000     5.4241806763e-03    -0.0000000000e+00    -0.0000000000e+00
   21.500000     7.8944256866e-03    -0.0000000000e+00    -0.0000000000e+00
   21.550000     8.5395252183e-03    -0.0000000000e+00    -0.0000000000e+00
   21.600000     7.5147546480e-03    -0.0000000000e+00     0.0000000000e+00
   21.650000     6.3198369547e-03     0.0000000000e+00     0.0000000000e+00
   21.700000     5.9295034875e-03     0.0000000000e+00     0.0000000000e+00
   21.750000     5.7340685097e-03     0.0000000000e+00     0.0000000000e+00
   21.800000     4.4801647650e-03     0.0000000000e+00     0.0000000000e+00
   21.850000     2.0282267408e-03     0.0000000000e+00     0.0000000000e+00
   21.900000    -2.1759967746e-04     0.0000000000e+00     0.0000000000e+00
   21.950000    -7.7769814397e-04     0.0000000000e+00     0.0000000000e+00
   22.000000     2.2595149871e-04     0.0000000000e+00     0.0000000000e+00
   22.050000     1.1629431450e-03     0.0000000000e+00     0.0000000000e+00
   22.100000     6.9960179778e-04     0.0000000000e+00     0.0000000000e+00
   22.150000    -7.3913637717e-04     0.0000000000e+00     0.0000000000e+00
   22.200000    -1.5281938991e-03     0.0000000000e+00     0.0000000000e+00
   22.250000    -7.6908939950e-04     0.0000000000e+00     0.0000000000e+00
   22.300000     6.4759177661e-04    -0.0000000000e+00     0.0000000000e+00
   22.350000     1.0703836826e-03    -0.0000000000e+00    -0.0000000000e+00
   22.400000     4.4821390605e-06     0.0000000000e+00    -0.0000000000e+00
   22.450000    -1.3135417040e-03     0.0000000000e+00    -0.0000000000e+00
   22.500000    -1.3531877609e-03     0.0000000000e+00    -0.0000000000e+00
   22.550000    -6.9097318946e-05     0.0000000000e+00    -0.0000000000e+00
   22.600000     1.0461103493e-03     0.0000000000e+00    -0.0000000000e+00
   22.650000     6.9647137447e-04     0.0000000000e+00     0.0000000000e+00
   22.700000    -7.1160554596e-04     0.0000000000e+00    -0.0000000000e+00
   22.750000    -1.5424759394e-03     0.0000000000e+00    -0.0000000000e+00
   22.800000    -8.3281958606e-04     0.0000000000e+00    -0.0000000000e+00
   22.850000     5.8883741937e-04     0.0000000000e+00    -0.0000000000e+00
   22.900000     1.0655528161e-03     0.0000000000e+00    -0.0000000000e+00
   22.950000     3.8117062438e-05     0.0000000000e+00    -0.0000000000e+00
   23.000000    -1.3046102158e-03     0.0000000000e+00     0.0000000000e+00
   23.050000    -1.4059484553e-03     0.0000000000e+00     0.0000000000e+00
   23.100000    -1.4632688286e-04     0.0000000000e+00     0.0000000000e+00
   23.150000     1.0274138890e-03     0.0000000000e+00     0.0000000000e+00
   23.200000     8.0329819622e-04     0.0000000000e+00     0.0000000000e+00
   23.250000    -4.3392145334e-04     0.0000000000e+00     0.0000000000e+00
   23.300000    -9.8940203482e-04     0.0000000000e+00     0.0000000000e+00
   23.350000     2.5212611144e-04     0.0000000000e+00     0.0000000000e+00
   23.400000     2.6070031271e-03     0.0000000000e+00     0.0000000000e+00
   23.450000     4.4192368354e-03     0.0000000000e+00     0.0000000000e+00
   23.500000     4.9280983446e-03     0.0000000000e+00     0.0000000000e+00
   23.550000     4.9863071769e-03     0.0000000000e+00    -0.0000000000e+00
   23.600000     5.8219665315e-03     0.0000000000e+00    -0.0000000000e+00
   23.650000     7.3606154581e-03     0.0000000000e+00    -0.0000000000e+00
   23.700000     8.1575253013e-03     0.0000000000e+00    -0.0000000000e+00
   23.750000     7.0947872456e-03    -0.0000000000e+00    -0.0000000000e+00
   23.800000     4.8796808287e-03    -0.0000000000e+00     0.0000000000e+00
   23.850000     3.5305885767e-03    -0.0000000000e+00     0.0000000000e+00
   23.900000     4.3207970319e-03     0.0000000000e+00     0.0000000000e+00
   23.950000     6.4452434103e-03     0.0000000000e+00     0.0000000000e+00
   24.000000     7.8976587085e-03     0.0000000000e+00     0.0000000000e+00
   24.050000     7.5699821497e-03     0.0000000000e+00     0.0000000000e+00
   24.100000     6.2422425781e-03     0.0000000000e+00     0.0000000000e+00
   24.150000     5.4420816058e-03     0.0000000000e+00     0.0000000000e+00
   24.200000     5.5873193301e-03     0.0000000000e+00     0.0000000000e+00
   24.250000     5.5806731697e-03     0.0000000000e+00     0.0000000000e+00
   24.300000     4.2689218790e-03     0.0000000000e+00    -0.0000000000e+00
   24.350000     1.9844915244e-03    -0.0000000000e+00    -0.0000000000e+00
   24.400000     3.0985139903e-04    -0.0000000000e+00     0.0000000000e+00
   24.450000     3.1246174918e-04    -0.0000000000e+00     0.0000000000e+00
   24.500000     1.3128611377e-03    -0.0000000000e+00     0.0000000000e+00
   24.550000     1.6458966417e-03     0.0000000000e+00     0.0000000000e+00
   24.600000     5.5694766063e-04     0.0000000000e+00     0.0000000000e+00
   24.650000    -9.5450477107e-04     0.0000000000e+00     0.0000000000e+00
   24.700000    -1.3191767355e-03     0.0000000000e+00     0.0000000000e+00
   24.750000    -2.3674640066e-04     0.0000000000e+00     0.0000000000e+00
   24.800000     9.6128478599e-04     0.0000000000e+00     0.0000000000e+00
   24.850000     8.4221720627e-04    -0.0000000000e+00     0.0000000000e+00
   24.900000    -4.7954499468e-04    -0.0000000000e+00     0.0000000000e+00
   24.950000    -1.4834839383e-03    -0.0000000000e+00     0.0000000000e+00
   25.000000    -1.0026940090e-03    -0.0000000000e+00     0.0000000000e+00
   25.050000     4.4245861175e-04    -0.0000000000e+00    -0.0000000000e+00
   25.100000     1.2853014970e-03    -0.0000000000e+00    -0.0000000000e+00
   25.150000     7.9442376317e-04     0.0000000000e+00    -0.0000000000e+00
   25.200000     3.7516376236e-05     0.0000000000e+00     0.0000000000e+00
   25.250000     8.4008738223e-04     0.0000000000e+00     0.0000000000e+00
   25.300000     3.9675150379e-03     0.0000000000e+00     0.0000000000e+00
   25.350000     8.6503357431e-03     0.0000000000e+00     0.0000000000e+00
   25.400000     1.4033929135e-02    -0.0000000000e+00     0.0000000000e+00
   25.450000     2.0943920503e-02    -0.0000000000e+00     0.0000000000e+00
   25.500000     3.1986820155e-02    -0.0000000000e+00     0.0000000000e+00
   25.550000     4.9784750788e-02     0.0000000000e+00     0.0000000000e+00
   25.600000     7.4989419999e-02     0.0000000000e+00     0.0000000000e+00
   25.650000     1.0563912130e-01     0.0000000000e+00     0.0000000000e+00
   25.700000     1.3778875506e-01     0.0000000000e+00     0.0000000000e+00
   25.750000     1.6628498075e-01     0.0000000000e+00     0.0000000000e+00
   25.800000     1.8526902648e-01     0.0000000000e+00     0.0000000000e+00
   25.850000     1.8926440993e-01     0.0000000000e+00     0.0000000000e+00
   25.900000     1.7551438866e-01     0.0000000000e+00     0.0000000000e+00
   25.950000     1.4641543259e-01     0.0000000000e+00     0.0000000000e+00
   26.000000     1.0963068699e-01     0.0000000000e+00     0.0000000000e+00
   26.050000     7.4761424560e-02     0.0000000000e+00     0.0000000000e+00
   26.100000     4.8503349348e-02     0.0000000000e+00     0.0000000000e+00
   26.150000     3.1928986775e-02    -0.0000000000e+00     0.0000000000e+00
   26.200000     2.1869552969e-02    -0.0000000000e+00     0.0000000000e+00
   26.250000     1.4759049004e-02    -0.0000000000e+00    -0.0000000000e+00
   26.300000     9.3354596064e-03    -0.0000000000e+00    -0.0000000000e+00
   26.350000     6.1943882080e-03    -0.0000000000e+00    -0.0000000000e+00
   26.400000     5.5430695103e-03    -0.0000000000e+00     0.0000000000e+00
   26.450000     6.0446614150e-03    -0.0000000000e+00     0.0000000000e+00
   26.500000     5.9418711644e-03    -0.0000000000e+00     0.0000000000e+00
   26.550000     4.8561817773e-03    -0.0000000000e+00     0.0000000000e+00
   26.600000     3.9694922179e-03    -0.0000000000e+00     0.0000000000e+00
   26.650000     4.3455620177e-03    -0.0000000000e+00     0.0000000000e+00
   26.700000     5.4194626711e-03    -0.0000000000e+00     0.0000000000e+00
   26.750000     5.4965233702e-03    -0.0000000000e+00     0.0000000000e+00
   26.800000     3.7133260024e-03    -0.0000000000e+00     0.0000000000e+00
   26.850000     1.1538230026e-03    -0.0000000000e+00    -0.0000000000e+00
   26.900000    -2.3923302899e-04    -0.0000000000e+00    -0.0000000000e+00
   26.950000     2.4225123936e-04    -0.0000000000e+00    -0.0000000000e+00
   27.000000     1.3648218983e-03     0.0000000000e+00    -0.0000000000e+00
   27.050000     1.4514872691e-03     0.0000000000e+00    -0.0000000000e+00
   27.100000     3.7367400088e-04     0.0000000000e+00     0.0000000000e+00
   27.150000    -2.4197275935e-04     0.0000000000e+00    -0.0000000000e+00
   27.200000     1.1734703214e-03     0.0000000000e+00    -0.0000000000e+00
   27.250000     4.3624594442e-03     0.0000000000e+00    -0.0000000000e+00
   27.300000     7.4978894820e-03     0.0000000000e+00    -0.0000000000e+00
   27.350000     9.1090828748e-03     0.0000000000e+00    -0.0000000000e+00
   27.400000     9.4439424099e-03     0.0000000000e+00     0.0000000000e+00
   27.450000     9.7698060333e-03     0.0000000000e+00     0.0000000000e+00
   27.500000     1.0566852241e-02     0.0000000000e+00     0.0000000000e+00
   27.550000     1.0856768363e-02     0.0000000000e+00     0.0000000000e+00
   27.600000     9.5305578038e-03    -0.0000000000e+00     0.0000000000e+00
   27.650000     7.1094829572e-03    -0.0000000000e+00     0.0000000000e+00
   27.700000     5.7498530052e-03    -0.0000000000e+00     0.0000000000e+00
   27.750000     7.2595798592e-03     0.0000000000e+00     0.0000000000e+00
   27.800000     1.1207106684e-02     0.0000000000e+00     0.0000000000e+00
   27.850000     1.5202789418e-02     0.0000000000e+00     0.0000000000e+00
   27.900000     1.7083566015e-02     0.0000000000e+00    -0.0000000000e+00
   27.950000     1.6684182080e-02     0.0000000000e+00    -0.0000000000e+00
   28.000000     1.5440213967e-02     0.0000000000e+00    -0.0000000000e+00
   28.050000     1.4574754316e-02     0.0000000000e+00     0.0000000000e+00
   28.100000     1.4204828327e-02     0.0000000000e+00     0.0000000000e+00
   28.150000     1.4562393643e-02     0.0000000000e+00     0.0000000000e+00
   28.200000     1.7947052330e-02     0.0000000000e+00     0.0000000000e+00
   28.250000     2.8912733383e-02     0.0000000000e+00    -0.0000000000e+00
   28.300000     5.1798542278e-02     0.0000000000e+00    -0.0000000000e+00
   28.350000     8.7330479789e-02     0.0000000000e+00    -0.0000000000e+00
   28.400000     1.3094464403e-01     0.0000000000e+00    -0.0000000000e+00
   28.450000     1.7396444192e-01     0.0000000000e+00    -0.0000000000e+00
   28.500000     2.0659150829e-01     0.0000000000e+00     0.0000000000e+00
   28.550000     2.2094329734e-01     0.0000000000e+00     0.0000000000e+00
   28.600000     2.1322139812e-01     0.0000000000e+00     0.0000000000e+00
   28.650000     1.8494488582e-01     0.0000000000e+00     0.0000000000e+00
   28.700000     1.4298067928e-01     0.0000000000e+00     0.0000000000e+00
   28.750000     9.7648330116e-02     0.0000000000e+00     0.0000000000e+00
   28.800000     5.8897758179e-02     0.0000000000e+00     0.0000000000e+00
   28.850000     3.2336445008e-02     0.0000000000e+00     0.0000000000e+00
   28.900000     1.7785199257e-02     0.0000000000e+00     0.0000000000e+00
   28.950000     1.1523712936e-02     0.0000000000e+00     0.0000000000e+00
   29.000000     1.0409157758e-02    -0.0000000000e+00     0.0000000000e+00
   29.050000     1.4432996239e-02    -0.0000000000e+00     0.0000000000e+00
   29.100000     2.5757822356e-02     0.0000000000e+00     0.0000000000e+00
   29.150000     4.5504297755e-02     0.0000000000e+00     0.0000000000e+00
   29.200000     7.1413696060e-02     0.0000000000e+00    -0.0000000000e+00
   29.250000     9.8339418955e-02     0.0000000000e+00    -0.0000000000e+00
   29.300000     1.2077561928e-01     0.0000000000e+00    -0.0000000000e+00
   29.350000     1.3514629212e-01     0.0000000000e+00    -0.0000000000e+00
   29.400000     1.4049415617e-01     0.0000000000e+00    -0.0000000000e+00
   29.450000     1.3800711739e-01     0.0000000000e+00    -0.0000000000e+00
   29.500000     1.3038069819e-01     0.0000000000e+00     0.0000000000e+00
   29.550000     1.2111852629e-01     0.0000000000e+00     0.0000000000e+00
   29.600000     1.1320042038e-01     0.0000000000e+00     0.0000000000e+00
   29.650000     1.0732247922e-01     0.0000000000e+00     0.0000000000e+00
   29.700000     1.0119228900e-01     0.0000000000e+00     0.0000000000e+00
   29.750000     9.1158449965e-02     0.0000000000e+00     0.0000000000e+00
   29.800000     7.5378137786e-02     0.0000000000e+00     0.0000000000e+00
   29.850000     5.5847336386e-02    -0.0000000000e+00     0.0000000000e+00
   29.900000     3.7257725816e-02    -0.0000000000e+00     0.0000000000e+00
   29.950000     2.3545069734e-02    -0.0000000000e+00     0.0000000000e+00
   30.000000     1.5267210228e-02    -0.0000000000e+00     0.0000000000e+00
